LIBERO EVAL DATASETS — TEMPORAL CONSISTENCY METRICS (OBSERVATIONS)
Signal: observation.robot_state dims 20:27 = joints/pos (7-dim, matches action vector)
Sm  = weighted mean frequency  (lower = smoother)
SER = signal energy ratio below 1 Hz  (higher = smoother)

════════════════════════════════════════════════════════════════════════════════════════════════════
DATASET: BrandonAL/eval_my_smolvla_libero_object
════════════════════════════════════════════════════════════════════════════════════════════════════
  Episodes: 50  |  Signal: joint positions (7-dim, dims 20:27 of robot_state)

     ep   success   steps     Sm_mean    SER_mean       Sm_j0     Sm_j1     Sm_j2     Sm_j3     Sm_j4     Sm_j5Sm_gripper
────────────────────────────────────────────────────────────────────────────────────────────────────
      0     False     280    0.000528      0.9770    0.000223  0.000631  0.000435  0.000947  0.000071  0.000481  0.000908
      1     False     280    0.000489      0.9718    0.000195  0.000817  0.000323  0.001043  0.000040  0.000434  0.000569
      2     False     280    0.000688      0.9684    0.000298  0.001119  0.000301  0.001609  0.000091  0.000745  0.000655
      3     False     280    0.000538      0.9770    0.000274  0.000970  0.000344  0.001157  0.000115  0.000363  0.000543
      4     False     280    0.000721      0.9795    0.000308  0.001094  0.000335  0.001633  0.000051  0.000791  0.000833
      5     False     280    0.000623      0.9719    0.000298  0.000774  0.000304  0.000649  0.000530  0.000524  0.001286
      6     True      122    0.001213      0.9328    0.000559  0.002058  0.000839  0.002220  0.000151  0.000600  0.002063
      7     False     280    0.000659      0.9628    0.000301  0.001012  0.000314  0.001260  0.000059  0.000271  0.001398
      8     False     280    0.000503      0.9769    0.000218  0.000748  0.000344  0.000791  0.000030  0.000194  0.001194
      9     True      100    0.001312      0.9142    0.000540  0.001998  0.001053  0.002258  0.000525  0.000395  0.002416
     10     True      117    0.001113      0.9114    0.000462  0.002127  0.000759  0.002208  0.000153  0.000510  0.001569
     11     True      106    0.001478      0.9046    0.000671  0.002595  0.000892  0.002892  0.000290  0.000731  0.002274
     12     True      145    0.000972      0.9246    0.000460  0.001683  0.000698  0.001669  0.000249  0.000165  0.001880
     13     False     280    0.000531      0.9630    0.000174  0.000725  0.000301  0.000971  0.000068  0.000461  0.001016
     14     True      118    0.000999      0.9357    0.000422  0.001812  0.000749  0.001573  0.000068  0.000675  0.001693
     15     True      191    0.000708      0.9449    0.000348  0.001225  0.000546  0.001381  0.000242  0.000392  0.000818
     16     False     280    0.000595      0.9632    0.000291  0.000834  0.000334  0.001050  0.000301  0.000125  0.001231
     17     False     280    0.000560      0.9706    0.000226  0.000963  0.000262  0.001200  0.000037  0.000320  0.000915
     18     False     280    0.000867      0.9605    0.000396  0.001363  0.000273  0.002139  0.000113  0.000962  0.000823
     19     False     280    0.000542      0.9632    0.000260  0.000796  0.000399  0.000934  0.000121  0.000213  0.001071
     20     False     280    0.000705      0.9751    0.000250  0.000946  0.000300  0.001616  0.000047  0.000820  0.000955
     21     False     280    0.000371      0.9687    0.000065  0.000901  0.000133  0.000767  0.000091  0.000323  0.000320
     22     False     280    0.000511      0.9769    0.000228  0.000577  0.000454  0.000702  0.000297  0.000069  0.001252
     23     True      132    0.000886      0.9455    0.000440  0.001622  0.000851  0.001584  0.000184  0.000137  0.001383
     24     False     280    0.000601      0.9787    0.000212  0.000790  0.000331  0.001070  0.000140  0.000581  0.001084
     25     True      126    0.001373      0.9440    0.000578  0.001811  0.000765  0.001697  0.000411  0.000185  0.004166
     26     True      126    0.001485      0.9283    0.000584  0.001998  0.000681  0.002289  0.000161  0.000584  0.004096
     27     False     280    0.000691      0.9666    0.000262  0.000821  0.000301  0.001072  0.000112  0.000396  0.001872
     28     False     280    0.000551      0.9748    0.000191  0.000635  0.000302  0.000633  0.000089  0.000075  0.001933
     29     False     280    0.000487      0.9666    0.000118  0.000815  0.000135  0.000607  0.000122  0.000144  0.001472
     30     True      145    0.000882      0.9520    0.000445  0.001523  0.000762  0.001548  0.000327  0.000249  0.001319
     31     True      138    0.001002      0.9524    0.000474  0.001812  0.000640  0.001966  0.000463  0.000171  0.001492
     32     False     280    0.000637      0.9736    0.000285  0.000910  0.000325  0.001206  0.000312  0.000454  0.000967
     33     True      133    0.001147      0.9353    0.000497  0.001899  0.000719  0.001484  0.000794  0.000667  0.001967
     34     False     280    0.000636      0.9784    0.000280  0.000898  0.000359  0.001233  0.000177  0.000538  0.000965
     35     True      119    0.001110      0.9182    0.000489  0.001785  0.000894  0.001684  0.000620  0.000522  0.001780
     36     False     280    0.000562      0.9801    0.000233  0.000903  0.000317  0.001052  0.000036  0.000427  0.000969
     37     True      143    0.001264      0.9431    0.000499  0.002293  0.000592  0.002860  0.000196  0.001187  0.001223
     38     True      131    0.001012      0.9512    0.000494  0.001721  0.000757  0.001586  0.000461  0.000257  0.001808
     39     False     280    0.000531      0.9668    0.000194  0.000832  0.000319  0.000947  0.000079  0.000335  0.001009
     40     True      127    0.001194      0.9398    0.000542  0.002132  0.000715  0.001902  0.000530  0.000350  0.002184
     41     True      144    0.000931      0.9511    0.000505  0.001549  0.000806  0.001506  0.000394  0.000254  0.001502
     42     True      145    0.001016      0.9542    0.000519  0.001728  0.000649  0.001643  0.000485  0.000259  0.001828
     43     True      147    0.000952      0.9439    0.000471  0.001743  0.000692  0.001689  0.000209  0.000324  0.001535
     44     True      145    0.000883      0.9590    0.000433  0.001586  0.000643  0.001689  0.000202  0.000209  0.001418
     45     True      125    0.001269      0.9376    0.000538  0.002413  0.000677  0.002744  0.000079  0.000910  0.001525
     46     False     280    0.000484      0.9801    0.000182  0.000671  0.000385  0.000597  0.000205  0.000185  0.001163
     47     True      116    0.001154      0.9020    0.000489  0.002264  0.000764  0.002280  0.000308  0.000415  0.001558
     48     False     280    0.000521      0.9668    0.000173  0.000487  0.000394  0.000632  0.000404  0.000096  0.001463
     49     True      115    0.001376      0.9075    0.000595  0.002578  0.000774  0.002865  0.000154  0.000837  0.001832
────────────────────────────────────────────────────────────────────────────────────────────────────
  SUMMARY  n=50  success_rate=48.0% (24/50)
  Sm   mean=0.000837  std=0.000308  min=0.000371  max=0.001485
  SER  mean=0.9538   std=0.0222   min=0.9020   max=0.9801

════════════════════════════════════════════════════════════════════════════════════════════════════
DATASET: BrandonAL/eval_HFvla_smolvla_libero_object
════════════════════════════════════════════════════════════════════════════════════════════════════
  Episodes: 100  |  Signal: joint positions (7-dim, dims 20:27 of robot_state)

     ep   success   steps     Sm_mean    SER_mean       Sm_j0     Sm_j1     Sm_j2     Sm_j3     Sm_j4     Sm_j5Sm_gripper
────────────────────────────────────────────────────────────────────────────────────────────────────
      0     True      212    0.000737      0.9734    0.000341  0.001256  0.000466  0.001346  0.000103  0.000522  0.001124
      1     True      137    0.001021      0.9518    0.000484  0.001718  0.000710  0.001375  0.000610  0.000478  0.001771
      2     True      150    0.000946      0.9539    0.000462  0.001777  0.000596  0.001673  0.000353  0.000144  0.001615
      3     True      120    0.001098      0.9308    0.000457  0.001781  0.000855  0.001510  0.000482  0.000518  0.002080
      4     True      229    0.000655      0.9589    0.000252  0.001142  0.000370  0.001241  0.000120  0.000434  0.001026
      5     False     280    0.000680      0.9260    0.000426  0.001101  0.000367  0.000834  0.000489  0.000113  0.001428
      6     False     280    0.000669      0.9307    0.000275  0.001035  0.000402  0.000627  0.000442  0.000196  0.001708
      7     True      189    0.000757      0.9693    0.000368  0.001289  0.000540  0.001341  0.000164  0.000410  0.001185
      8     True      146    0.000947      0.9475    0.000448  0.001756  0.000607  0.001769  0.000349  0.000165  0.001533
      9     True      146    0.000959      0.9489    0.000479  0.001727  0.000646  0.001690  0.000329  0.000171  0.001673
     10     True      147    0.001097      0.9273    0.000474  0.001898  0.000613  0.002180  0.000078  0.000750  0.001684
     11     True      158    0.001074      0.9446    0.000459  0.001797  0.000543  0.002100  0.000079  0.000820  0.001719
     12     True      148    0.001084      0.9273    0.000443  0.001903  0.000582  0.002143  0.000100  0.000798  0.001621
     13     False     280    0.000699      0.9570    0.000212  0.001028  0.000277  0.001404  0.000237  0.000560  0.001178
     14     True      138    0.001123      0.9340    0.000490  0.001968  0.000645  0.002171  0.000139  0.000646  0.001804
     15     True      134    0.001105      0.9394    0.000496  0.001960  0.000666  0.002130  0.000112  0.000572  0.001797
     16     True      163    0.001005      0.9393    0.000414  0.001701  0.000536  0.001944  0.000100  0.000743  0.001598
     17     True      158    0.000981      0.9423    0.000422  0.001723  0.000581  0.001871  0.000046  0.000669  0.001554
     18     True      145    0.001044      0.9356    0.000480  0.001836  0.000636  0.001989  0.000106  0.000574  0.001688
     19     True      173    0.000985      0.9424    0.000451  0.001643  0.000522  0.001894  0.000142  0.000640  0.001601
     20     True      203    0.000595      0.9643    0.000273  0.001177  0.000432  0.001125  0.000046  0.000201  0.000912
     21     True      122    0.001060      0.9509    0.000499  0.001964  0.000778  0.001927  0.000051  0.000171  0.002032
     22     True      125    0.001072      0.9487    0.000494  0.001874  0.000785  0.001767  0.000141  0.000295  0.002147
     23     True      120    0.001092      0.9462    0.000473  0.002109  0.000730  0.002108  0.000152  0.000252  0.001823
     24     True      127    0.001004      0.9478    0.000417  0.001980  0.000667  0.001992  0.000242  0.000167  0.001562
     25     True      121    0.001065      0.9483    0.000491  0.001976  0.000721  0.001944  0.000196  0.000198  0.001931
     26     True      170    0.000785      0.9599    0.000365  0.001413  0.000552  0.001357  0.000094  0.000229  0.001487
     27     True      135    0.000980      0.9539    0.000456  0.001764  0.000695  0.001675  0.000076  0.000302  0.001891
     28     True      125    0.001035      0.9482    0.000474  0.001997  0.000710  0.002066  0.000068  0.000177  0.001751
     29     True      121    0.001085      0.9466    0.000470  0.002049  0.000780  0.002055  0.000243  0.000193  0.001806
     30     True      133    0.001133      0.9314    0.000557  0.001757  0.000759  0.001719  0.000592  0.000156  0.002393
     31     False     280    0.000685      0.9498    0.000285  0.001060  0.000293  0.001429  0.000095  0.000662  0.000971
     32     True      127    0.001115      0.9402    0.000512  0.001824  0.000736  0.001676  0.000514  0.000336  0.002207
     33     True      124    0.001173      0.9235    0.000505  0.001706  0.000830  0.001575  0.000811  0.000384  0.002397
     34     True      134    0.001118      0.9291    0.000522  0.001860  0.000691  0.001944  0.000319  0.000265  0.002227
     35     True      111    0.001372      0.9028    0.000608  0.002127  0.000881  0.001875  0.000825  0.000603  0.002683
     36     True      138    0.001021      0.9273    0.000482  0.001692  0.000679  0.001626  0.000496  0.000179  0.001992
     37     True      136    0.001052      0.9277    0.000532  0.001835  0.000719  0.001782  0.000367  0.000139  0.001987
     38     False     280    0.000438      0.9487    0.000083  0.000719  0.000116  0.000905  0.000094  0.000273  0.000873
     39     True      118    0.001250      0.9049    0.000597  0.002161  0.000804  0.002051  0.000567  0.000247  0.002321
     40     True      212    0.000635      0.9697    0.000271  0.001271  0.000416  0.001433  0.000120  0.000453  0.000483
     41     True      140    0.000839      0.9440    0.000379  0.001421  0.000737  0.001489  0.000152  0.000193  0.001504
     42     True      163    0.000781      0.9545    0.000373  0.001428  0.000570  0.001556  0.000210  0.000158  0.001169
     43     True      154    0.000918      0.9454    0.000413  0.001478  0.000644  0.001334  0.000302  0.000500  0.001753
     44     True      154    0.000867      0.9520    0.000372  0.001649  0.000581  0.001892  0.000075  0.000527  0.000973
     45     True      139    0.000898      0.9382    0.000444  0.001579  0.000734  0.001636  0.000290  0.000146  0.001455
     46     False     280    0.000562      0.9691    0.000235  0.001111  0.000291  0.001435  0.000065  0.000716  0.000085
     47     True      162    0.000899      0.9465    0.000440  0.001479  0.000610  0.001502  0.000275  0.000157  0.001827
     48     True      160    0.000830      0.9547    0.000401  0.001492  0.000628  0.001561  0.000117  0.000196  0.001413
     49     True      221    0.000663      0.9669    0.000307  0.001231  0.000424  0.001410  0.000072  0.000290  0.000907
     50     False     280    0.000785      0.9295    0.000187  0.001613  0.000153  0.001890  0.000276  0.000152  0.001224
     51     False     280    0.000614      0.9239    0.000149  0.001291  0.000209  0.001222  0.000228  0.000342  0.000858
     52     False     280    0.000851      0.9014    0.000250  0.001671  0.000206  0.001958  0.000276  0.000362  0.001234
     53     False     280    0.000804      0.9162    0.000185  0.001720  0.000225  0.001886  0.000059  0.000396  0.001160
     54     True      209    0.000967      0.9310    0.000321  0.001415  0.000301  0.001657  0.000077  0.000557  0.002438
     55     False     280    0.000707      0.9141    0.000129  0.001424  0.000180  0.001414  0.000262  0.000342  0.001194
     56     False     280    0.000666      0.9086    0.000140  0.001444  0.000198  0.001194  0.000257  0.000385  0.001046
     57     True      198    0.000961      0.9425    0.000375  0.001378  0.000380  0.001482  0.000068  0.000370  0.002675
     58     True      132    0.001343      0.9246    0.000526  0.002135  0.000521  0.002289  0.000258  0.000481  0.003191
     59     True      140    0.001291      0.9286    0.000540  0.001980  0.000554  0.002048  0.000235  0.000383  0.003294
     60     True      156    0.000864      0.9553    0.000446  0.001514  0.000667  0.001340  0.000384  0.000274  0.001420
     61     True      158    0.000940      0.9612    0.000501  0.001521  0.000640  0.001311  0.000730  0.000389  0.001490
     62     True      156    0.000931      0.9583    0.000490  0.001668  0.000618  0.001704  0.000470  0.000191  0.001379
     63     True      144    0.000929      0.9518    0.000439  0.001611  0.000671  0.001489  0.000463  0.000277  0.001554
     64     True      161    0.000965      0.9651    0.000496  0.001441  0.000649  0.001203  0.000824  0.000385  0.001755
     65     True      270    0.000532      0.9759    0.000260  0.000987  0.000330  0.001052  0.000201  0.000221  0.000673
     66     True      147    0.000974      0.9432    0.000467  0.001581  0.000662  0.001440  0.000583  0.000418  0.001669
     67     True      161    0.000820      0.9609    0.000431  0.001562  0.000601  0.001521  0.000343  0.000158  0.001127
     68     True      155    0.000926      0.9515    0.000452  0.001533  0.000621  0.001379  0.000604  0.000456  0.001438
     69     True      162    0.000899      0.9555    0.000485  0.001602  0.000604  0.001475  0.000464  0.000230  0.001435
     70     True      136    0.000981      0.9539    0.000448  0.001974  0.000663  0.002034  0.000149  0.000408  0.001190
     71     True      142    0.001159      0.9527    0.000466  0.002277  0.000544  0.002666  0.000160  0.001061  0.000942
     72     True      135    0.001054      0.9542    0.000461  0.002084  0.000633  0.002268  0.000128  0.000605  0.001201
     73     True      135    0.001130      0.9503    0.000485  0.002230  0.000639  0.002458  0.000160  0.000810  0.001130
     74     True      125    0.001068      0.9463    0.000447  0.002180  0.000687  0.002278  0.000149  0.000529  0.001208
     75     True      131    0.001026      0.9464    0.000421  0.001990  0.000688  0.002124  0.000253  0.000533  0.001171
     76     True      127    0.001083      0.9437    0.000460  0.002067  0.000726  0.002147  0.000254  0.000396  0.001527
     77     True      150    0.000913      0.9621    0.000441  0.001847  0.000595  0.001875  0.000087  0.000334  0.001211
     78     True      150    0.000982      0.9617    0.000464  0.001940  0.000614  0.002127  0.000083  0.000460  0.001184
     79     True      150    0.000892      0.9615    0.000424  0.001788  0.000609  0.001811  0.000067  0.000329  0.001214
     80     True      155    0.000852      0.9564    0.000420  0.001426  0.000671  0.001213  0.000387  0.000378  0.001468
     81     True      178    0.000847      0.9570    0.000439  0.001500  0.000565  0.001545  0.000258  0.000302  0.001319
     82     True      232    0.000759      0.9690    0.000352  0.001284  0.000451  0.001455  0.000143  0.000548  0.001081
     83     True      167    0.000836      0.9570    0.000454  0.001489  0.000659  0.001495  0.000270  0.000229  0.001257
     84     True      165    0.000862      0.9593    0.000449  0.001454  0.000630  0.001411  0.000365  0.000136  0.001590
     85     True      171    0.000826      0.9566    0.000464  0.001517  0.000641  0.001413  0.000223  0.000138  0.001384
     86     True      150    0.000864      0.9618    0.000439  0.001512  0.000704  0.001432  0.000320  0.000223  0.001415
     87     True      189    0.000806      0.9698    0.000421  0.001374  0.000530  0.001460  0.000250  0.000292  0.001316
     88     True      245    0.000668      0.9737    0.000357  0.001185  0.000428  0.001260  0.000092  0.000294  0.001062
     89     True      168    0.000830      0.9617    0.000448  0.001457  0.000631  0.001332  0.000286  0.000227  0.001426
     90     True      129    0.001022      0.9490    0.000473  0.002034  0.000660  0.002056  0.000107  0.000189  0.001633
     91     True      130    0.001100      0.9524    0.000440  0.002119  0.000587  0.002270  0.000069  0.000788  0.001423
     92     True      126    0.001114      0.9490    0.000514  0.002081  0.000690  0.002165  0.000085  0.000363  0.001897
     93     True      126    0.001065      0.9446    0.000481  0.002071  0.000698  0.002058  0.000050  0.000200  0.001895
     94     True      125    0.001075      0.9483    0.000469  0.002132  0.000664  0.002198  0.000049  0.000487  0.001527
     95     True      129    0.001061      0.9457    0.000505  0.002061  0.000709  0.002109  0.000150  0.000382  0.001510
     96     True      127    0.001093      0.9532    0.000473  0.002083  0.000667  0.002170  0.000050  0.000607  0.001598
     97     True      129    0.001105      0.9439    0.000497  0.002141  0.000658  0.002240  0.000050  0.000371  0.001778
     98     True      139    0.000983      0.9528    0.000497  0.001882  0.000659  0.001893  0.000159  0.000214  0.001575
     99     True      140    0.001084      0.9462    0.000504  0.002042  0.000634  0.002173  0.000056  0.000446  0.001730
────────────────────────────────────────────────────────────────────────────────────────────────────
  SUMMARY  n=100  success_rate=88.0% (88/100)
  Sm   mean=0.000936  std=0.000179  min=0.000438  max=0.001372
  SER  mean=0.9466   std=0.0157   min=0.9014   max=0.9759

════════════════════════════════════════════════════════════════════════════════════════════════════
DATASET: BrandonAL/eval_HFvla_smolvla_libero_spatial
════════════════════════════════════════════════════════════════════════════════════════════════════
  Episodes: 100  |  Signal: joint positions (7-dim, dims 20:27 of robot_state)

     ep   success   steps     Sm_mean    SER_mean       Sm_j0     Sm_j1     Sm_j2     Sm_j3     Sm_j4     Sm_j5Sm_gripper
────────────────────────────────────────────────────────────────────────────────────────────────────
      0     False     280    0.000736      0.9424    0.000039  0.001190  0.000351  0.000722  0.001184  0.000755  0.000914
      1     True       68    0.002324      0.8065    0.000755  0.005838  0.000537  0.005476  0.000512  0.000758  0.002392
      2     True       70    0.002296      0.8159    0.000641  0.006174  0.000495  0.006106  0.000222  0.000567  0.001867
      3     True       72    0.002180      0.8022    0.000651  0.005647  0.000446  0.005205  0.000509  0.001150  0.001654
      4     False     280    0.001219      0.8949    0.000038  0.001783  0.000258  0.002573  0.000771  0.000795  0.002313
      5     True       70    0.002176      0.7792    0.000625  0.005778  0.000554  0.005353  0.000178  0.000914  0.001833
      6     True       87    0.001903      0.8080    0.000550  0.005156  0.000412  0.005223  0.000126  0.000296  0.001556
      7     False     280    0.001050      0.8921    0.000113  0.001470  0.000222  0.001978  0.000721  0.000562  0.002283
      8     False     280    0.000948      0.9289    0.000030  0.001339  0.000140  0.001933  0.000656  0.000738  0.001798
      9     False     280    0.000819      0.9241    0.000111  0.001333  0.000182  0.001475  0.000613  0.000212  0.001805
     10     True      113    0.002033      0.9222    0.000982  0.003951  0.000261  0.003755  0.001454  0.000943  0.002888
     11     False     280    0.000992      0.9437    0.000623  0.001620  0.000229  0.001552  0.000729  0.000136  0.002057
     12     True       99    0.002094      0.9165    0.000936  0.004234  0.000418  0.004022  0.001295  0.001032  0.002719
     13     True       97    0.002000      0.9242    0.000880  0.004330  0.000501  0.004302  0.000977  0.000755  0.002253
     14     True      118    0.001893      0.9267    0.000807  0.004325  0.000371  0.004767  0.000492  0.000334  0.002155
     15     True      114    0.001998      0.9206    0.000924  0.004413  0.000386  0.004870  0.000770  0.000321  0.002305
     16     True      104    0.002060      0.9208    0.001020  0.004414  0.000417  0.004510  0.001206  0.000498  0.002352
     17     True       94    0.002195      0.9180    0.001028  0.004300  0.000485  0.004160  0.001556  0.000988  0.002845
     18     False     280    0.000787      0.9492    0.000437  0.001595  0.000186  0.001405  0.000477  0.000429  0.000982
     19     False     280    0.000758      0.9324    0.000520  0.000982  0.000454  0.000184  0.000323  0.000585  0.002256
     20     True      116    0.001755      0.8784    0.000800  0.004040  0.000316  0.004215  0.000628  0.000196  0.002088
     21     False     280    0.001113      0.9539    0.000487  0.001810  0.000058  0.002077  0.000583  0.000091  0.002686
     22     True       95    0.002421      0.8444    0.001075  0.005284  0.000410  0.005973  0.000890  0.000811  0.002501
     23     True       98    0.002237      0.8590    0.001026  0.004930  0.000385  0.005424  0.000932  0.000294  0.002671
     24     True       94    0.002343      0.8720    0.001071  0.005178  0.000338  0.005742  0.001022  0.000363  0.002686
     25     True       94    0.002298      0.8529    0.001026  0.005180  0.000380  0.005672  0.000889  0.000431  0.002509
     26     True       91    0.002439      0.8485    0.000995  0.005426  0.000469  0.006387  0.000701  0.001042  0.002052
     27     False     280    0.001028      0.9567    0.000465  0.001595  0.000056  0.001477  0.000435  0.000376  0.002794
     28     True       97    0.002126      0.8487    0.000947  0.004625  0.000377  0.004759  0.000993  0.000348  0.002832
     29     True      102    0.002405      0.8635    0.001034  0.005238  0.000333  0.006130  0.000707  0.000967  0.002423
     30     True       86    0.002417      0.7271    0.001177  0.005335  0.000475  0.005742  0.001630  0.000413  0.002146
     31     False     280    0.001028      0.9414    0.000400  0.001743  0.000077  0.001833  0.000826  0.000155  0.002164
     32     True       85    0.002477      0.7639    0.001293  0.005477  0.000531  0.005723  0.001772  0.000255  0.002289
     33     True       82    0.002493      0.7534    0.001220  0.005644  0.000536  0.005846  0.001751  0.000327  0.002126
     34     True       90    0.002372      0.8690    0.001207  0.005280  0.000420  0.005556  0.001670  0.000233  0.002235
     35     True       83    0.002465      0.7342    0.001219  0.005503  0.000498  0.005610  0.001884  0.000363  0.002181
     36     True       81    0.002427      0.7350    0.001129  0.005429  0.000474  0.005610  0.001728  0.000243  0.002378
     37     True       89    0.002393      0.7661    0.001219  0.005114  0.000414  0.005211  0.001922  0.000330  0.002543
     38     False     280    0.000934      0.9469    0.000304  0.001670  0.000130  0.001612  0.000743  0.000260  0.001818
     39     True       77    0.002692      0.7475    0.001343  0.005864  0.000495  0.006104  0.002212  0.000315  0.002513
     40     True      133    0.001838      0.9302    0.000990  0.004263  0.000114  0.005346  0.000162  0.001425  0.000562
     41     True      136    0.001796      0.9329    0.000898  0.004101  0.000193  0.005035  0.000481  0.001121  0.000745
     42     True      146    0.001752      0.9290    0.000878  0.003942  0.000202  0.004832  0.000286  0.001124  0.001000
     43     True      123    0.001972      0.9309    0.001111  0.004684  0.000186  0.005882  0.000124  0.001474  0.000347
     44     True      126    0.001878      0.9291    0.000987  0.004397  0.000233  0.005359  0.000657  0.001300  0.000209
     45     True      126    0.001786      0.9304    0.000879  0.004114  0.000336  0.004901  0.000550  0.001075  0.000648
     46     True      122    0.001526      0.9346    0.000816  0.003727  0.000376  0.003908  0.000768  0.000223  0.000866
     47     True      253    0.000949      0.9565    0.000444  0.002228  0.000118  0.002764  0.000177  0.000541  0.000370
     48     True      135    0.001808      0.9226    0.000945  0.004131  0.000235  0.005105  0.000408  0.001355  0.000478
     49     True      150    0.001669      0.9394    0.001013  0.003904  0.000210  0.004877  0.000148  0.001286  0.000246
     50     True      100    0.001908      0.8335    0.000621  0.004061  0.000342  0.003538  0.000245  0.001249  0.003303
     51     True       94    0.001837      0.8731    0.000553  0.004069  0.000419  0.003413  0.000119  0.001199  0.003085
     52     True      199    0.001133      0.8998    0.000221  0.001899  0.000268  0.001856  0.000734  0.000410  0.002544
     53     True      100    0.001926      0.8683    0.000611  0.003865  0.000299  0.002966  0.000218  0.002131  0.003394
     54     True       85    0.002111      0.7809    0.000699  0.004508  0.000406  0.003850  0.000457  0.001768  0.003091
     55     True       91    0.001990      0.8615    0.000624  0.004290  0.000376  0.003580  0.000259  0.001707  0.003090
     56     True       89    0.002114      0.7610    0.000708  0.004294  0.000338  0.003463  0.000508  0.002079  0.003410
     57     False     280    0.000832      0.9184    0.000331  0.001051  0.000297  0.000643  0.000401  0.000338  0.002762
     58     False     280    0.000739      0.8829    0.000212  0.001048  0.000289  0.000489  0.000596  0.000442  0.002096
     59     True       94    0.001853      0.8623    0.000610  0.004186  0.000397  0.003699  0.000341  0.001034  0.002704
     60     True      112    0.001862      0.8996    0.000892  0.004159  0.000320  0.004274  0.001071  0.000177  0.002141
     61     True      100    0.002142      0.8790    0.001027  0.004489  0.000369  0.004589  0.001509  0.000535  0.002480
     62     True      114    0.001987      0.8990    0.000999  0.004178  0.000216  0.004254  0.001411  0.000417  0.002434
     63     True      115    0.001894      0.9068    0.000931  0.004137  0.000270  0.004341  0.001153  0.000182  0.002242
     64     True      106    0.001966      0.8869    0.000961  0.004300  0.000357  0.004413  0.001260  0.000217  0.002255
     65     True      106    0.001933      0.8870    0.000948  0.004403  0.000357  0.004558  0.001093  0.000159  0.002017
     66     True      117    0.001928      0.8815    0.000917  0.003980  0.000221  0.004097  0.001440  0.000603  0.002239
     67     True      114    0.001896      0.8972    0.000928  0.004113  0.000264  0.004235  0.001291  0.000271  0.002167
     68     True      107    0.002007      0.8931    0.001028  0.004332  0.000320  0.004477  0.001483  0.000310  0.002096
     69     False     280    0.001127      0.9371    0.000446  0.001893  0.000124  0.002281  0.000618  0.000158  0.002370
     70     True      135    0.001651      0.9349    0.000673  0.003786  0.000311  0.004324  0.000407  0.000789  0.001269
     71     True      144    0.001896      0.9346    0.000715  0.004126  0.000266  0.005154  0.000107  0.001248  0.001658
     72     True      134    0.001726      0.9399    0.000722  0.003874  0.000305  0.004460  0.000455  0.000791  0.001474
     73     True      125    0.001779      0.9492    0.000786  0.004082  0.000342  0.004609  0.000466  0.000599  0.001566
     74     True      114    0.002050      0.9266    0.000799  0.004734  0.000371  0.005585  0.000255  0.000957  0.001650
     75     True      117    0.001856      0.9335    0.000747  0.004328  0.000376  0.004981  0.000372  0.000801  0.001385
     76     True      119    0.001927      0.9369    0.000707  0.004417  0.000331  0.005199  0.000207  0.000953  0.001678
     77     False     280    0.001222      0.9789    0.000245  0.002071  0.000078  0.002696  0.000442  0.000844  0.002175
     78     False     280    0.001190      0.9767    0.000121  0.002012  0.000227  0.002575  0.000247  0.001038  0.002114
     79     True      115    0.001792      0.9204    0.000787  0.004187  0.000387  0.004558  0.000661  0.000402  0.001561
     80     False     280    0.000528      0.9616    0.000052  0.001058  0.000092  0.000867  0.000409  0.000163  0.001051
     81     True       92    0.002053      0.9146    0.000684  0.004243  0.000217  0.003422  0.000606  0.002019  0.003178
     82     True       94    0.002111      0.9041    0.000754  0.004018  0.000135  0.003020  0.000823  0.002185  0.003841
     83     True       90    0.002046      0.9225    0.000680  0.004322  0.000275  0.003639  0.000476  0.001614  0.003315
     84     True       92    0.002212      0.9104    0.000809  0.004333  0.000220  0.003748  0.000752  0.001510  0.004112
     85     True       89    0.002166      0.8648    0.000755  0.004559  0.000264  0.004065  0.000600  0.001355  0.003564
     86     False     280    0.000741      0.9340    0.000149  0.001343  0.000117  0.001597  0.000273  0.000380  0.001330
     87     True       99    0.002061      0.9009    0.000815  0.003959  0.000161  0.003095  0.000821  0.001825  0.003751
     88     True       84    0.002095      0.8833    0.000693  0.004560  0.000288  0.004043  0.000523  0.001342  0.003212
     89     True       88    0.002092      0.8789    0.000758  0.004392  0.000293  0.003859  0.000635  0.001066  0.003642
     90     True      126    0.001616      0.9307    0.000838  0.003558  0.000322  0.003550  0.001281  0.000434  0.001330
     91     True      125    0.001545      0.9288    0.000764  0.003499  0.000380  0.003524  0.001037  0.000321  0.001289
     92     True      157    0.001414      0.9337    0.000763  0.002922  0.000226  0.002940  0.001322  0.000273  0.001450
     93     True      129    0.001606      0.9260    0.000859  0.003313  0.000315  0.003177  0.001374  0.000591  0.001611
     94     True      123    0.001688      0.9299    0.000849  0.003686  0.000334  0.003724  0.001198  0.000456  0.001565
     95     True      119    0.001746      0.8916    0.000832  0.003400  0.000253  0.003074  0.001681  0.001160  0.001822
     96     True      121    0.001597      0.9355    0.000799  0.003504  0.000317  0.003366  0.001220  0.000531  0.001441
     97     True      127    0.001618      0.9308    0.000822  0.003732  0.000359  0.003983  0.000986  0.000301  0.001142
     98     True      133    0.001523      0.9308    0.000786  0.003343  0.000282  0.003249  0.001186  0.000502  0.001313
     99     True      124    0.001535      0.9332    0.000781  0.003587  0.000393  0.003623  0.001004  0.000248  0.001111
────────────────────────────────────────────────────────────────────────────────────────────────────
  SUMMARY  n=100  success_rate=81.0% (81/100)
  Sm   mean=0.001776  std=0.000500  min=0.000528  max=0.002692
  SER  mean=0.8925   std=0.0586   min=0.7271   max=0.9789

════════════════════════════════════════════════════════════════════════════════════════════════════
DATASET: BrandonAL/eval_HFvla_smolvla_libero_goal
════════════════════════════════════════════════════════════════════════════════════════════════════
  Episodes: 100  |  Signal: joint positions (7-dim, dims 20:27 of robot_state)

     ep   success   steps     Sm_mean    SER_mean       Sm_j0     Sm_j1     Sm_j2     Sm_j3     Sm_j4     Sm_j5Sm_gripper
────────────────────────────────────────────────────────────────────────────────────────────────────
      0     True      111    0.002408      0.8686    0.000704  0.003726  0.000142  0.003775  0.003499  0.001864  0.003143
      1     True      182    0.001537      0.9019    0.000481  0.002391  0.000066  0.002409  0.002391  0.001233  0.001791
      2     True      145    0.001962      0.8735    0.000595  0.003038  0.000076  0.003127  0.002838  0.001605  0.002456
      3     True      140    0.001729      0.9125    0.000453  0.002735  0.000102  0.002735  0.002660  0.001077  0.002337
      4     True      141    0.001955      0.8640    0.000590  0.003054  0.000097  0.003112  0.002966  0.001596  0.002270
      5     True      132    0.001916      0.9027    0.000576  0.002977  0.000144  0.002969  0.003003  0.001370  0.002371
      6     False     300    0.000865      0.9398    0.000143  0.001254  0.000152  0.001332  0.001492  0.000460  0.001221
      7     True      133    0.002182      0.8856    0.000642  0.003328  0.000066  0.003393  0.003111  0.001679  0.003056
      8     True      135    0.002037      0.8934    0.000614  0.003156  0.000087  0.003243  0.002948  0.001603  0.002610
      9     False     300    0.000765      0.9500    0.000046  0.001131  0.000148  0.001254  0.001075  0.000198  0.001504
     10     True       87    0.001486      0.7603    0.000791  0.002872  0.001368  0.001259  0.000629  0.000767  0.002715
     11     True       81    0.001693      0.7624    0.000876  0.002791  0.001524  0.001153  0.001240  0.000902  0.003363
     12     True       88    0.001432      0.8136    0.000775  0.002779  0.001285  0.001153  0.000937  0.000629  0.002468
     13     True       94    0.001359      0.8698    0.000757  0.002549  0.001244  0.001059  0.000634  0.000615  0.002654
     14     True       84    0.001699      0.7821    0.000866  0.002905  0.001325  0.001180  0.001344  0.000923  0.003349
     15     True      101    0.001255      0.8586    0.000687  0.002429  0.001122  0.000996  0.000637  0.000552  0.002360
     16     True       88    0.001262      0.8001    0.000615  0.002633  0.001105  0.001221  0.000408  0.000442  0.002409
     17     True       81    0.001528      0.7885    0.000794  0.002941  0.001381  0.001372  0.000803  0.000612  0.002795
     18     True       86    0.001385      0.7578    0.000724  0.002846  0.001310  0.001232  0.000480  0.000633  0.002471
     19     True       84    0.001508      0.7838    0.000790  0.002987  0.001294  0.001387  0.000854  0.000548  0.002699
     20     True       99    0.002613      0.8858    0.001064  0.004273  0.000294  0.007229  0.000321  0.004176  0.000932
     21     True      103    0.002639      0.8692    0.001054  0.004515  0.000239  0.007658  0.000279  0.004159  0.000571
     22     True      106    0.002318      0.8698    0.001015  0.003904  0.000289  0.006428  0.000271  0.003731  0.000589
     23     True      103    0.002570      0.8751    0.001108  0.004216  0.000288  0.007068  0.000266  0.004269  0.000776
     24     True       85    0.003705      0.6519    0.001253  0.006069  0.000663  0.010332  0.000508  0.006351  0.000757
     25     True      104    0.002507      0.8677    0.001178  0.004008  0.000269  0.006931  0.000395  0.004115  0.000650
     26     True      105    0.002468      0.8357    0.001039  0.004137  0.000275  0.006830  0.000260  0.004165  0.000569
     27     True      106    0.002463      0.8675    0.001092  0.004037  0.000266  0.006671  0.000325  0.003928  0.000919
     28     False     300    0.001011      0.9571    0.000100  0.001179  0.000694  0.002470  0.000325  0.000849  0.001463
     29     True       95    0.002825      0.8847    0.001221  0.004705  0.000269  0.008148  0.000373  0.004635  0.000425
     30     True      170    0.000870      0.9519    0.000034  0.001801  0.000113  0.002487  0.000070  0.000864  0.000724
     31     True      166    0.000865      0.9487    0.000059  0.001851  0.000103  0.002726  0.000074  0.001086  0.000153
     32     False     300    0.001012      0.9680    0.000223  0.001991  0.000034  0.002942  0.000068  0.001424  0.000400
     33     False     300    0.000584      0.9807    0.000113  0.001253  0.000085  0.001641  0.000078  0.000622  0.000293
     34     True      170    0.001006      0.9414    0.000097  0.002018  0.000132  0.003021  0.000112  0.001348  0.000316
     35     True      185    0.000978      0.9509    0.000075  0.001896  0.000107  0.002928  0.000104  0.001374  0.000361
     36     True      178    0.001009      0.9371    0.000056  0.002019  0.000128  0.002941  0.000125  0.001391  0.000402
     37     False     300    0.000931      0.9826    0.000109  0.001927  0.000028  0.002935  0.000044  0.001265  0.000207
     38     False     300    0.000657      0.9661    0.000089  0.001325  0.000088  0.001890  0.000088  0.000880  0.000240
     39     False     300    0.000903      0.9820    0.000087  0.001946  0.000039  0.002938  0.000057  0.001171  0.000080
     40     True       81    0.001574      0.8176    0.000428  0.003061  0.000826  0.004139  0.000397  0.001484  0.000681
     41     True       96    0.001498      0.9021    0.000521  0.002914  0.000783  0.003906  0.000532  0.001020  0.000812
     42     True       94    0.001772      0.8967    0.000565  0.003292  0.000749  0.004604  0.000289  0.001844  0.001058
     43     True       93    0.001638      0.9037    0.000509  0.003201  0.000724  0.004386  0.000164  0.001839  0.000642
     44     True       91    0.001572      0.9028    0.000493  0.003009  0.000809  0.003959  0.000286  0.001465  0.000982
     45     True       86    0.001753      0.8287    0.000519  0.003327  0.000846  0.004630  0.000317  0.002092  0.000542
     46     True       99    0.001217      0.9309    0.000414  0.002623  0.000668  0.003343  0.000251  0.000705  0.000513
     47     True       91    0.001536      0.9001    0.000494  0.002964  0.000770  0.003945  0.000471  0.001075  0.001032
     48     True       87    0.001587      0.8516    0.000539  0.003154  0.000881  0.004207  0.000330  0.001218  0.000778
     49     True       83    0.001541      0.8295    0.000529  0.003068  0.000910  0.003873  0.000634  0.000866  0.000905
     50     True      123    0.001376      0.9223    0.000742  0.003393  0.000489  0.002971  0.000404  0.000337  0.001297
     51     False     300    0.000507      0.9641    0.000272  0.001251  0.000308  0.001000  0.000071  0.000131  0.000515
     52     True      133    0.001265      0.9190    0.000702  0.003259  0.000509  0.002981  0.000230  0.000177  0.000996
     53     False     300    0.000472      0.9620    0.000159  0.001241  0.000104  0.000869  0.000136  0.000454  0.000342
     54     False     300    0.000571      0.9614    0.000223  0.001173  0.000087  0.000785  0.000215  0.000425  0.001090
     55     True      135    0.001160      0.9303    0.000610  0.003016  0.000477  0.002542  0.000258  0.000413  0.000803
     56     True      141    0.001185      0.9248    0.000627  0.002891  0.000452  0.002450  0.000219  0.000391  0.001263
     57     False     300    0.000572      0.9392    0.000186  0.001505  0.000179  0.001393  0.000131  0.000183  0.000425
     58     True      135    0.001221      0.9290    0.000661  0.003128  0.000455  0.002802  0.000323  0.000190  0.000985
     59     True      148    0.001130      0.9292    0.000609  0.002649  0.000459  0.002138  0.000193  0.000495  0.001368
     60     True      106    0.000804      0.9529    0.000070  0.002541  0.000109  0.002005  0.000216  0.000298  0.000390
     61     True      110    0.000720      0.9473    0.000050  0.002441  0.000058  0.001611  0.000093  0.000373  0.000416
     62     True       84    0.000906      0.9237    0.000068  0.002841  0.000083  0.001720  0.000398  0.001065  0.000170
     63     True       91    0.000816      0.9726    0.000080  0.002581  0.000081  0.001530  0.000346  0.000924  0.000165
     64     True      110    0.000728      0.9523    0.000064  0.002387  0.000097  0.001739  0.000180  0.000284  0.000342
     65     True      107    0.000801      0.9495    0.000083  0.002549  0.000154  0.001858  0.000136  0.000511  0.000313
     66     True      110    0.000787      0.9493    0.000078  0.002537  0.000060  0.001912  0.000155  0.000251  0.000515
     67     True      111    0.000756      0.9558    0.000071  0.002444  0.000123  0.001758  0.000161  0.000369  0.000364
     68     True       87    0.000902      0.9223    0.000076  0.002774  0.000074  0.001439  0.000484  0.001327  0.000137
     69     True       90    0.000834      0.9661    0.000047  0.002591  0.000091  0.001490  0.000347  0.001093  0.000183
     70     True       73    0.001625      0.8926    0.001085  0.002774  0.002179  0.000889  0.000923  0.001723  0.001801
     71     True       69    0.001864      0.8997    0.001123  0.002653  0.002190  0.001538  0.001132  0.002920  0.001489
     72     True       70    0.001750      0.9023    0.001114  0.002747  0.002256  0.001234  0.000845  0.002474  0.001582
     73     True       68    0.002019      0.8737    0.001224  0.002719  0.002283  0.001596  0.001166  0.003006  0.002140
     74     True       69    0.001906      0.8851    0.001178  0.002678  0.002095  0.001456  0.001490  0.002781  0.001666
     75     True       69    0.001839      0.8934    0.001082  0.002630  0.002099  0.001536  0.001056  0.002820  0.001651
     76     True       69    0.001829      0.8898    0.001083  0.002627  0.002125  0.001558  0.001248  0.002890  0.001273
     77     True       67    0.001866      0.8984    0.001080  0.002750  0.002325  0.001531  0.000817  0.002913  0.001650
     78     True       67    0.002056      0.8820    0.001219  0.002679  0.002133  0.001727  0.001345  0.003162  0.002123
     79     True       73    0.001896      0.8821    0.001185  0.002513  0.002195  0.001487  0.001352  0.002678  0.001859
     80     True       86    0.001593      0.8600    0.000182  0.004860  0.000044  0.004675  0.000351  0.000219  0.000822
     81     True       81    0.001805      0.8546    0.000099  0.005351  0.000043  0.005569  0.000147  0.000758  0.000671
     82     True       88    0.001878      0.8445    0.000116  0.005234  0.000047  0.005675  0.000165  0.001323  0.000588
     83     True       87    0.001619      0.8762    0.000127  0.004841  0.000062  0.004950  0.000145  0.000580  0.000627
     84     True       83    0.001842      0.8451    0.000106  0.005273  0.000039  0.005533  0.000195  0.000927  0.000821
     85     True       86    0.001785      0.8661    0.000078  0.005166  0.000042  0.005458  0.000124  0.000917  0.000712
     86     True       93    0.001846      0.8874    0.000163  0.004877  0.000046  0.005302  0.000260  0.001239  0.001038
     87     True       74    0.001833      0.8699    0.000034  0.005485  0.000051  0.005775  0.000231  0.000680  0.000575
     88     False     300    0.000503      0.9601    0.000106  0.001146  0.000045  0.001057  0.000291  0.000459  0.000415
     89     True       79    0.001807      0.8603    0.000079  0.005420  0.000056  0.005635  0.000088  0.000708  0.000665
     90     False     300    0.001050      0.9722    0.000340  0.000970  0.000188  0.001365  0.000160  0.001479  0.002850
     91     True      173    0.000962      0.9636    0.000205  0.000301  0.000794  0.000620  0.000476  0.000414  0.003925
     92     False     300    0.000726      0.9767    0.000096  0.000233  0.000308  0.000773  0.000393  0.000941  0.002338
     93     True      157    0.000990      0.9643    0.000185  0.000262  0.000772  0.000468  0.000695  0.000163  0.004385
     94     False     300    0.000810      0.9705    0.000138  0.000383  0.000333  0.000958  0.000369  0.001047  0.002439
     95     False     300    0.000727      0.9825    0.000114  0.000384  0.000200  0.000551  0.000384  0.000948  0.002506
     96     False     300    0.000873      0.9635    0.000270  0.000737  0.000305  0.000994  0.000118  0.000953  0.002737
     97     True      150    0.001068      0.9704    0.000221  0.000199  0.001010  0.000405  0.000732  0.000167  0.004740
     98     True      140    0.001197      0.9405    0.000220  0.000514  0.000807  0.000733  0.001203  0.000250  0.004655
     99     True      157    0.001037      0.9606    0.000206  0.000382  0.000749  0.000636  0.000863  0.000293  0.004132
────────────────────────────────────────────────────────────────────────────────────────────────────
  SUMMARY  n=100  success_rate=82.0% (82/100)
  Sm   mean=0.001437  std=0.000609  min=0.000472  max=0.003705
  SER  mean=0.9007   std=0.0607   min=0.6519   max=0.9826

════════════════════════════════════════════════════════════════════════════════════════════════════
DATASET: BrandonAL/eval_HFvla_smolvla_libero_long
════════════════════════════════════════════════════════════════════════════════════════════════════
  Episodes: 100  |  Signal: joint positions (7-dim, dims 20:27 of robot_state)

     ep   success   steps     Sm_mean    SER_mean       Sm_j0     Sm_j1     Sm_j2     Sm_j3     Sm_j4     Sm_j5Sm_gripper
────────────────────────────────────────────────────────────────────────────────────────────────────
      0     False     520    0.000383      0.9830    0.000229  0.000537  0.000224  0.000431  0.000104  0.000214  0.000938
      1     False     520    0.000243      0.9680    0.000122  0.000488  0.000291  0.000086  0.000287  0.000104  0.000322
      2     False     520    0.000453      0.9775    0.000089  0.000505  0.000230  0.000645  0.000555  0.000352  0.000796
      3     False     520    0.000287      0.9841    0.000147  0.000394  0.000223  0.000291  0.000048  0.000101  0.000806
      4     False     520    0.000327      0.9843    0.000061  0.000414  0.000147  0.000484  0.000194  0.000426  0.000563
      5     False     520    0.000158      0.9912    0.000024  0.000289  0.000039  0.000058  0.000076  0.000081  0.000535
      6     False     520    0.000305      0.9817    0.000144  0.000354  0.000219  0.000325  0.000162  0.000085  0.000846
      7     False     520    0.000301      0.9843    0.000140  0.000430  0.000193  0.000275  0.000059  0.000205  0.000804
      8     True      324    0.000413      0.9734    0.000175  0.000471  0.000358  0.000394  0.000167  0.000131  0.001196
      9     False     520    0.000507      0.9758    0.000245  0.000472  0.000063  0.000288  0.000831  0.000610  0.001037
     10     False     520    0.000291      0.9851    0.000134  0.000444  0.000208  0.000505  0.000273  0.000342  0.000133
     11     False     520    0.000252      0.9800    0.000072  0.000637  0.000065  0.000503  0.000145  0.000195  0.000144
     12     True      266    0.000399      0.9857    0.000201  0.000592  0.000487  0.000469  0.000066  0.000131  0.000849
     13     True      284    0.000396      0.9846    0.000189  0.000692  0.000404  0.000609  0.000087  0.000221  0.000572
     14     True      274    0.000383      0.9861    0.000191  0.000599  0.000447  0.000574  0.000059  0.000117  0.000697
     15     False     520    0.000190      0.9920    0.000023  0.000600  0.000046  0.000396  0.000067  0.000095  0.000101
     16     False     520    0.000169      0.9936    0.000029  0.000516  0.000058  0.000345  0.000047  0.000132  0.000058
     17     True      288    0.000362      0.9828    0.000168  0.000597  0.000344  0.000589  0.000139  0.000117  0.000582
     18     False     520    0.000203      0.9875    0.000061  0.000567  0.000065  0.000331  0.000080  0.000137  0.000182
     19     False     520    0.000542      0.9750    0.000383  0.001134  0.000121  0.001384  0.000235  0.000340  0.000200
     20     False     520    0.000823      0.9699    0.000367  0.001113  0.000891  0.000578  0.000180  0.000609  0.002024
     21     True      260    0.000852      0.9729    0.000068  0.001014  0.000368  0.000760  0.000533  0.000389  0.002831
     22     True      228    0.000945      0.9701    0.000118  0.001158  0.000364  0.000883  0.000639  0.000482  0.002972
     23     False     520    0.000676      0.9741    0.000123  0.000757  0.000596  0.000614  0.000196  0.000473  0.001973
     24     True      245    0.000850      0.9785    0.000083  0.001078  0.000330  0.000848  0.000583  0.000273  0.002752
     25     False     520    0.000577      0.9758    0.000041  0.000748  0.000429  0.000771  0.000131  0.000626  0.001296
     26     False     520    0.000807      0.9759    0.000109  0.000588  0.000135  0.000646  0.001317  0.000230  0.002626
     27     False     520    0.000776      0.9704    0.000091  0.000879  0.000491  0.000872  0.000656  0.000316  0.002125
     28     False     520    0.000858      0.9579    0.000351  0.001127  0.000873  0.000719  0.000698  0.000788  0.001451
     29     True      239    0.000905      0.9731    0.000079  0.001051  0.000397  0.000727  0.000555  0.000565  0.002964
     30     True      243    0.001025      0.9579    0.000114  0.001883  0.000251  0.001950  0.000688  0.000378  0.001914
     31     True      232    0.000973      0.9550    0.000086  0.001933  0.000272  0.001804  0.000833  0.000120  0.001766
     32     True      225    0.001062      0.9508    0.000075  0.001998  0.000261  0.002032  0.000839  0.000362  0.001869
     33     True      229    0.001103      0.9513    0.000082  0.002103  0.000248  0.002157  0.000739  0.000565  0.001824
     34     True      243    0.000991      0.9570    0.000118  0.001914  0.000229  0.001934  0.000610  0.000337  0.001796
     35     True      237    0.001019      0.9455    0.000094  0.001862  0.000248  0.001869  0.000762  0.000321  0.001979
     36     True      372    0.000719      0.9753    0.000041  0.001313  0.000186  0.001345  0.000794  0.000310  0.001043
     37     True      231    0.000948      0.9542    0.000084  0.001795  0.000254  0.001708  0.000800  0.000215  0.001782
     38     True      227    0.000967      0.9547    0.000123  0.001933  0.000268  0.001791  0.000723  0.000128  0.001804
     39     True      217    0.001058      0.9557    0.000123  0.002098  0.000266  0.002025  0.000725  0.000250  0.001918
     40     False     520    0.000228      0.9934    0.000056  0.000476  0.000022  0.000165  0.000068  0.000151  0.000656
     41     False     520    0.000401      0.9874    0.000184  0.000494  0.000181  0.000492  0.000075  0.000089  0.001289
     42     False     520    0.000285      0.9864    0.000154  0.000444  0.000172  0.000233  0.000325  0.000153  0.000516
     43     False     520    0.000245      0.9887    0.000083  0.000407  0.000066  0.000040  0.000047  0.000210  0.000861
     44     False     520    0.000747      0.9811    0.000319  0.001304  0.000401  0.001501  0.000191  0.000484  0.001030
     45     False     520    0.000781      0.9405    0.000243  0.001325  0.000536  0.001441  0.000306  0.000565  0.001053
     46     False     520    0.000196      0.9929    0.000071  0.000450  0.000080  0.000127  0.000070  0.000107  0.000465
     47     False     520    0.000243      0.9823    0.000100  0.000607  0.000179  0.000507  0.000056  0.000053  0.000198
     48     False     520    0.000323      0.9815    0.000094  0.000482  0.000185  0.000263  0.000272  0.000287  0.000675
     49     False     520    0.000305      0.9775    0.000136  0.000668  0.000272  0.000580  0.000327  0.000080  0.000075
     50     False     520    0.000382      0.9865    0.000075  0.000432  0.000405  0.000158  0.000265  0.000185  0.001153
     51     True      175    0.000781      0.9638    0.000371  0.000784  0.000584  0.000784  0.000128  0.000124  0.002688
     52     True      210    0.000673      0.9722    0.000358  0.000522  0.000519  0.000635  0.000198  0.000203  0.002272
     53     True      170    0.000724      0.9617    0.000310  0.000505  0.000626  0.000567  0.000082  0.000269  0.002711
     54     True      219    0.000659      0.9736    0.000324  0.000462  0.000452  0.000599  0.000246  0.000250  0.002278
     55     True      175    0.000647      0.9670    0.000296  0.000427  0.000619  0.000558  0.000052  0.000112  0.002469
     56     True      167    0.000657      0.9663    0.000293  0.000350  0.000687  0.000399  0.000058  0.000337  0.002474
     57     True      232    0.000587      0.9676    0.000263  0.000244  0.000474  0.000380  0.000325  0.000100  0.002321
     58     True      262    0.000561      0.9733    0.000282  0.000412  0.000401  0.000503  0.000227  0.000177  0.001924
     59     True      248    0.000518      0.9861    0.000207  0.000349  0.000240  0.000454  0.000052  0.000104  0.002216
     60     True      222    0.000614      0.9713    0.000227  0.001269  0.000124  0.000675  0.000402  0.000790  0.000808
     61     False     520    0.000231      0.9892    0.000031  0.000411  0.000056  0.000057  0.000212  0.000306  0.000547
     62     False     520    0.000166      0.9895    0.000067  0.000339  0.000122  0.000077  0.000228  0.000278  0.000053
     63     False     520    0.000389      0.9835    0.000075  0.000591  0.000105  0.000613  0.000259  0.000167  0.000916
     64     False     520    0.000205      0.9883    0.000106  0.000439  0.000155  0.000141  0.000156  0.000099  0.000342
     65     True      299    0.000455      0.9774    0.000153  0.000978  0.000117  0.000670  0.000221  0.000393  0.000652
     66     True      240    0.000528      0.9756    0.000169  0.001182  0.000125  0.000753  0.000359  0.000550  0.000557
     67     False     520    0.000239      0.9856    0.000083  0.000377  0.000036  0.000078  0.000534  0.000420  0.000148
     68     True      306    0.000454      0.9791    0.000146  0.001016  0.000073  0.000593  0.000205  0.000550  0.000595
     69     True      276    0.000488      0.9762    0.000169  0.001082  0.000133  0.000707  0.000258  0.000427  0.000642
     70     True      275    0.000420      0.9763    0.000212  0.000648  0.000455  0.000409  0.000054  0.000299  0.000863
     71     False     520    0.000196      0.9937    0.000057  0.000202  0.000187  0.000258  0.000064  0.000198  0.000404
     72     False     520    0.000416      0.9863    0.000047  0.000090  0.000147  0.000531  0.000574  0.000137  0.001387
     73     True      343    0.000308      0.9823    0.000150  0.000479  0.000358  0.000339  0.000114  0.000142  0.000574
     74     True      314    0.000360      0.9807    0.000164  0.000558  0.000385  0.000382  0.000136  0.000167  0.000725
     75     False     520    0.000194      0.9550    0.000054  0.000519  0.000072  0.000411  0.000029  0.000072  0.000202
     76     False     520    0.000297      0.9829    0.000098  0.000328  0.000242  0.000431  0.000291  0.000199  0.000491
     77     False     520    0.000593      0.9643    0.000248  0.000629  0.000263  0.001106  0.000293  0.000105  0.001504
     78     False     520    0.000183      0.9929    0.000104  0.000472  0.000188  0.000139  0.000156  0.000123  0.000098
     79     True      289    0.000431      0.9769    0.000204  0.000556  0.000412  0.000435  0.000148  0.000321  0.000939
     80     False     520    0.000615      0.9767    0.000351  0.000939  0.000056  0.001393  0.000095  0.000783  0.000689
     81     False     520    0.000615      0.9757    0.000345  0.000776  0.000205  0.001080  0.000511  0.000573  0.000815
     82     True      467    0.000628      0.9667    0.000273  0.001078  0.000089  0.001450  0.000271  0.000808  0.000425
     83     True      410    0.000776      0.9509    0.000333  0.001275  0.000061  0.001742  0.000359  0.000996  0.000668
     84     False     520    0.000642      0.9770    0.000533  0.001069  0.000093  0.001382  0.000252  0.000699  0.000465
────────────────────────────────────────────────────────────────────────────────────────────────────
  SUMMARY  n=85  success_rate=45.9% (39/85)
  Sm   mean=0.000528  std=0.000266  min=0.000158  max=0.001103
  SER  mean=0.9755   std=0.0123   min=0.9405   max=0.9937

════════════════════════════════════════════════════════════════════════════════════════════════════
CROSS-DATASET SUMMARY
════════════════════════════════════════════════════════════════════════════════════════════════════
  dataset                                            n   success     Sm_mean    Sm_std    SER_mean   SER_std
────────────────────────────────────────────────────────────────────────────────────────────────────
  eval_my_smolvla_libero_object                     50    48.0%    0.000837  0.000308      0.9538    0.0222
  eval_HFvla_smolvla_libero_object                 100    88.0%    0.000936  0.000179      0.9466    0.0157
  eval_HFvla_smolvla_libero_spatial                100    81.0%    0.001776  0.000500      0.8925    0.0586
  eval_HFvla_smolvla_libero_goal                   100    82.0%    0.001437  0.000609      0.9007    0.0607
  eval_HFvla_smolvla_libero_long                    85    45.9%    0.000528  0.000266      0.9755    0.0123
════════════════════════════════════════════════════════════════════════════════════════════════════
