LIBERO EVAL DATASETS — TEMPORAL CONSISTENCY METRICS
Sm  = weighted mean frequency  (lower = smoother)
SER = signal energy ratio below 1 Hz  (higher = smoother)

════════════════════════════════════════════════════════════════════════════════════════════════════
DATASET: BrandonAL/eval_my_smolvla_libero_object
════════════════════════════════════════════════════════════════════════════════════════════════════
  Episodes: 50

     ep   success   steps     Sm_mean    SER_mean       Sm_j0     Sm_j1     Sm_j2     Sm_j3     Sm_j4     Sm_j5Sm_gripper
────────────────────────────────────────────────────────────────────────────────────────────────────
      0     False     280    0.001677      0.7589    0.000739  0.001111  0.001488  0.000137  0.000224  0.000140  0.007903
      1     False     280    0.001980      0.7157    0.001152  0.000984  0.001487  0.000190  0.000237  0.000154  0.009657
      2     False     280    0.001395      0.7719    0.000983  0.000708  0.001543  0.000119  0.000219  0.000141  0.006051
      3     False     280    0.001001      0.7369    0.000904  0.000830  0.001333  0.000142  0.000238  0.000191  0.003369
      4     False     280    0.001362      0.7445    0.000845  0.000784  0.001358  0.000122  0.000298  0.000097  0.006033
      5     False     280    0.001365      0.8269    0.000885  0.000759  0.001277  0.000116  0.000362  0.000152  0.006007
      6     True      122    0.002884      0.7085    0.001818  0.001644  0.002713  0.000266  0.000490  0.000458  0.012799
      7     False     280    0.001273      0.8176    0.000982  0.000771  0.001108  0.000117  0.000266  0.000140  0.005527
      8     False     280    0.000939      0.8602    0.000845  0.000811  0.001053  0.000109  0.000300  0.000148  0.003307
      9     True      100    0.003170      0.7757    0.002317  0.002242  0.002706  0.000260  0.000544  0.000373  0.013746
     10     True      117    0.002093      0.7560    0.001868  0.001795  0.002107  0.000275  0.000418  0.000215  0.007975
     11     True      106    0.002421      0.7419    0.002354  0.001441  0.002910  0.000297  0.000637  0.000235  0.009072
     12     True      145    0.002555      0.6879    0.001928  0.001364  0.002771  0.000191  0.000486  0.000202  0.010945
     13     False     280    0.001413      0.7626    0.000908  0.000792  0.001197  0.000130  0.000233  0.000159  0.006476
     14     True      118    0.002159      0.7825    0.002182  0.001958  0.001926  0.000417  0.000479  0.000226  0.007927
     15     True      191    0.002089      0.7611    0.001498  0.001172  0.002708  0.000275  0.000397  0.000227  0.008346
     16     False     280    0.001263      0.7743    0.001160  0.001045  0.001407  0.000123  0.000304  0.000140  0.004664
     17     False     280    0.001408      0.8143    0.000891  0.000687  0.001387  0.000144  0.000247  0.000118  0.006381
     18     False     280    0.001566      0.8071    0.000823  0.000623  0.001148  0.000128  0.000261  0.000122  0.007856
     19     False     280    0.000969      0.8110    0.001009  0.000835  0.001109  0.000138  0.000280  0.000108  0.003303
     20     False     280    0.001093      0.7931    0.000627  0.000639  0.001032  0.000128  0.000171  0.000125  0.004930
     21     False     280    0.002038      0.7547    0.001358  0.001886  0.001636  0.000229  0.000328  0.000186  0.008641
     22     False     280    0.001363      0.8349    0.000632  0.000747  0.000981  0.000132  0.000229  0.000122  0.006698
     23     True      132    0.001783      0.7781    0.001280  0.001312  0.002080  0.000240  0.000368  0.000245  0.006958
     24     False     280    0.001902      0.8043    0.000818  0.001081  0.001192  0.000159  0.000233  0.000138  0.009695
     25     True      126    0.002445      0.8511    0.001959  0.001276  0.002228  0.000310  0.000566  0.000332  0.010441
     26     True      126    0.002821      0.8605    0.001816  0.001727  0.002042  0.000235  0.000422  0.000378  0.013127
     27     False     280    0.000955      0.8728    0.000834  0.000740  0.001014  0.000141  0.000353  0.000216  0.003388
     28     False     280    0.001128      0.8634    0.000868  0.000675  0.001041  0.000131  0.000272  0.000241  0.004669
     29     False     280    0.002660      0.7346    0.001558  0.001323  0.002674  0.000136  0.000333  0.000241  0.012355
     30     True      145    0.002180      0.7355    0.001762  0.001474  0.001791  0.000215  0.000438  0.000249  0.009330
     31     True      138    0.002332      0.8028    0.001534  0.001829  0.001895  0.000285  0.000533  0.000347  0.009899
     32     False     280    0.001114      0.7999    0.000672  0.000748  0.000969  0.000117  0.000215  0.000154  0.004921
     33     True      133    0.001915      0.8205    0.001582  0.001722  0.002113  0.000275  0.000403  0.000192  0.007116
     34     False     280    0.001134      0.7663    0.000819  0.000795  0.001041  0.000162  0.000215  0.000118  0.004784
     35     True      119    0.002160      0.8121    0.001685  0.001893  0.002511  0.000264  0.000443  0.000421  0.007905
     36     False     280    0.001891      0.8090    0.001020  0.001426  0.001664  0.000136  0.000310  0.000193  0.008490
     37     True      143    0.002399      0.7964    0.001216  0.001546  0.001533  0.000326  0.000358  0.000216  0.011598
     38     True      131    0.001958      0.7985    0.001604  0.001553  0.002337  0.000330  0.000448  0.000276  0.007158
     39     False     280    0.001588      0.8426    0.000863  0.000865  0.001183  0.000135  0.000385  0.000169  0.007514
     40     True      127    0.002062      0.7664    0.002206  0.001597  0.002194  0.000245  0.000459  0.000324  0.007408
     41     True      144    0.001758      0.6987    0.001334  0.001438  0.002287  0.000243  0.000398  0.000311  0.006293
     42     True      145    0.001752      0.7652    0.001427  0.001393  0.002166  0.000186  0.000344  0.000277  0.006469
     43     True      147    0.002198      0.7734    0.001618  0.001385  0.002271  0.000246  0.000435  0.000341  0.009090
     44     True      145    0.001782      0.7096    0.001513  0.001558  0.001895  0.000270  0.000399  0.000355  0.006481
     45     True      125    0.002455      0.7610    0.002017  0.001299  0.002385  0.000261  0.000379  0.000265  0.010577
     46     False     280    0.001415      0.8025    0.001243  0.000782  0.001313  0.000130  0.000277  0.000231  0.005929
     47     True      116    0.002155      0.7782    0.002186  0.001813  0.001772  0.000299  0.000368  0.000461  0.008187
     48     False     280    0.001414      0.8264    0.000930  0.000740  0.001202  0.000107  0.000193  0.000198  0.006529
     49     True      115    0.002251      0.7345    0.002367  0.001575  0.002712  0.000220  0.000380  0.000346  0.008156
────────────────────────────────────────────────────────────────────────────────────────────────────
  SUMMARY  n=50  success_rate=48.0% (24/50)
  Sm   mean=0.001822  std=0.000551  min=0.000939  max=0.003170
  SER  mean=0.7833   std=0.0443   min=0.6879   max=0.8728

════════════════════════════════════════════════════════════════════════════════════════════════════
DATASET: BrandonAL/eval_HFvla_smolvla_libero_object
════════════════════════════════════════════════════════════════════════════════════════════════════
  Episodes: 100

     ep   success   steps     Sm_mean    SER_mean       Sm_j0     Sm_j1     Sm_j2     Sm_j3     Sm_j4     Sm_j5Sm_gripper
────────────────────────────────────────────────────────────────────────────────────────────────────
      0     True      212    0.004751      0.5426    0.003434  0.002845  0.005342  0.000511  0.001104  0.000765  0.019257
      1     True      137    0.003686      0.6168    0.003903  0.003866  0.005561  0.000592  0.001241  0.000904  0.009733
      2     True      150    0.005176      0.5653    0.004395  0.003427  0.007392  0.000607  0.001337  0.000950  0.018127
      3     True      120    0.003669      0.6166    0.003850  0.004329  0.006772  0.000693  0.001152  0.000940  0.007950
      4     True      229    0.005236      0.4961    0.004244  0.004203  0.008870  0.000573  0.001169  0.000808  0.016786
      5     False     280    0.003788      0.5289    0.003982  0.002697  0.005489  0.000495  0.001065  0.000695  0.012094
      6     False     280    0.005292      0.3679    0.004706  0.002156  0.005313  0.000418  0.001134  0.001011  0.022302
      7     True      189    0.004534      0.5738    0.003521  0.003315  0.005733  0.000538  0.001165  0.000754  0.016715
      8     True      146    0.004931      0.5660    0.004165  0.003809  0.007014  0.000631  0.001353  0.000912  0.016631
      9     True      146    0.004478      0.5530    0.004163  0.003388  0.006712  0.000667  0.001197  0.000812  0.014406
     10     True      147    0.005100      0.6194    0.004100  0.003690  0.005944  0.000728  0.001411  0.000888  0.018935
     11     True      158    0.005775      0.5876    0.003918  0.003747  0.007606  0.000548  0.001091  0.001001  0.022513
     12     True      148    0.005249      0.5984    0.004489  0.003544  0.006486  0.000655  0.001274  0.001027  0.019265
     13     False     280    0.004189      0.4954    0.003032  0.003649  0.005683  0.000468  0.000926  0.000697  0.014871
     14     True      138    0.005305      0.5863    0.004972  0.003940  0.007115  0.000619  0.001197  0.000899  0.018394
     15     True      134    0.005100      0.6025    0.004861  0.003878  0.006713  0.000513  0.001276  0.001135  0.017321
     16     True      163    0.005631      0.5465    0.004405  0.003476  0.007454  0.000480  0.001128  0.000802  0.021670
     17     True      158    0.004985      0.5841    0.004748  0.003312  0.007158  0.000498  0.001409  0.000828  0.016939
     18     True      145    0.005425      0.5719    0.004290  0.003700  0.006891  0.000593  0.001078  0.000879  0.020543
     19     True      173    0.004987      0.5621    0.004088  0.003659  0.006646  0.000479  0.001165  0.000813  0.018056
     20     True      203    0.004632      0.5978    0.004271  0.003054  0.004863  0.000503  0.000840  0.000745  0.018148
     21     True      122    0.003522      0.6649    0.004811  0.004103  0.005083  0.000602  0.001226  0.001020  0.007804
     22     True      125    0.004188      0.6203    0.004355  0.004295  0.006975  0.000594  0.001133  0.001173  0.010791
     23     True      120    0.004820      0.6594    0.004809  0.004748  0.007376  0.000778  0.001236  0.001087  0.013708
     24     True      127    0.004068      0.6482    0.004359  0.004080  0.006103  0.000876  0.001480  0.000893  0.010683
     25     True      121    0.004761      0.6257    0.004659  0.003747  0.006645  0.000688  0.001075  0.001033  0.015479
     26     True      170    0.004957      0.6094    0.004435  0.003484  0.005469  0.000620  0.001042  0.000803  0.018845
     27     True      135    0.004444      0.6333    0.004319  0.004141  0.006512  0.000609  0.001010  0.001188  0.013328
     28     True      125    0.005341      0.6342    0.004523  0.003766  0.007274  0.000824  0.001000  0.001000  0.019002
     29     True      121    0.003957      0.6758    0.004985  0.004006  0.004876  0.000738  0.000971  0.000986  0.011139
     30     True      133    0.005306      0.6089    0.004284  0.003664  0.007251  0.000531  0.001331  0.001034  0.019046
     31     False     280    0.004677      0.4644    0.003584  0.002899  0.006468  0.000472  0.001073  0.000519  0.017725
     32     True      127    0.004351      0.6338    0.003712  0.003650  0.005725  0.000692  0.001206  0.000797  0.014676
     33     True      124    0.005375      0.5955    0.004663  0.003764  0.006880  0.000524  0.001231  0.000882  0.019678
     34     True      134    0.005508      0.5696    0.004764  0.004257  0.007768  0.000838  0.001566  0.001006  0.018360
     35     True      111    0.004494      0.5891    0.005336  0.003900  0.006818  0.000831  0.001529  0.000974  0.012069
     36     True      138    0.004632      0.5644    0.004740  0.003166  0.006806  0.000660  0.001395  0.000846  0.014809
     37     True      136    0.005427      0.5412    0.004082  0.003845  0.006615  0.000597  0.001354  0.000893  0.020600
     38     False     280    0.005350      0.4291    0.003115  0.003231  0.007364  0.000401  0.001113  0.000658  0.021569
     39     True      118    0.004842      0.5786    0.004297  0.003626  0.006470  0.000800  0.001528  0.000941  0.016233
     40     True      212    0.003928      0.6713    0.003273  0.002627  0.004773  0.000635  0.001073  0.000587  0.014525
     41     True      140    0.003933      0.6387    0.003373  0.003140  0.005345  0.000709  0.000955  0.000743  0.013268
     42     True      163    0.004257      0.6302    0.003580  0.003040  0.005733  0.000495  0.001051  0.000748  0.015150
     43     True      154    0.005175      0.5971    0.004130  0.003854  0.006848  0.000750  0.001452  0.000933  0.018255
     44     True      154    0.003912      0.6594    0.004107  0.003275  0.004596  0.000686  0.000938  0.000748  0.013032
     45     True      139    0.004370      0.6620    0.003752  0.003349  0.005273  0.000725  0.000925  0.000898  0.015669
     46     False     280    0.003655      0.6263    0.003743  0.002191  0.004757  0.000514  0.000778  0.000581  0.013022
     47     True      162    0.004275      0.5744    0.004042  0.002901  0.006000  0.000579  0.001233  0.000885  0.014282
     48     True      160    0.004486      0.5860    0.003699  0.003214  0.006115  0.000557  0.001052  0.000720  0.016046
     49     True      221    0.004106      0.6325    0.003014  0.002780  0.005029  0.000662  0.000894  0.000693  0.015670
     50     False     280    0.004985      0.3945    0.004043  0.003338  0.006926  0.000593  0.001009  0.000989  0.018000
     51     False     280    0.005027      0.4513    0.004578  0.002869  0.007106  0.000419  0.001058  0.000987  0.018174
     52     False     280    0.004930      0.4391    0.003898  0.002694  0.007318  0.000512  0.001007  0.000867  0.018213
     53     False     280    0.005042      0.4007    0.004366  0.002256  0.006599  0.000423  0.001014  0.001004  0.019633
     54     True      209    0.004706      0.5953    0.003534  0.002930  0.006309  0.000675  0.001190  0.001081  0.017223
     55     False     280    0.004338      0.3948    0.004101  0.002347  0.005173  0.000535  0.001062  0.001112  0.016035
     56     False     280    0.004392      0.4259    0.004031  0.002284  0.005943  0.000439  0.001072  0.000974  0.015998
     57     True      198    0.004447      0.6455    0.003780  0.003029  0.006307  0.000478  0.001107  0.001066  0.015360
     58     True      132    0.005741      0.6654    0.004196  0.003532  0.007891  0.000639  0.001236  0.001140  0.021553
     59     True      140    0.005408      0.6457    0.004732  0.003252  0.007509  0.000521  0.001191  0.001244  0.019406
     60     True      156    0.003833      0.6107    0.004092  0.003684  0.005534  0.000761  0.001258  0.000878  0.010625
     61     True      158    0.004709      0.5891    0.004076  0.004004  0.006518  0.000646  0.001441  0.000958  0.015318
     62     True      156    0.004001      0.6191    0.003916  0.004192  0.005444  0.000710  0.001264  0.000969  0.011513
     63     True      144    0.003235      0.6429    0.003978  0.003926  0.005170  0.000810  0.001411  0.000759  0.006590
     64     True      161    0.004685      0.6129    0.004455  0.004206  0.005222  0.000722  0.001372  0.000867  0.015953
     65     True      270    0.004781      0.5472    0.003800  0.003137  0.006770  0.000678  0.001173  0.000754  0.017159
     66     True      147    0.003969      0.6210    0.004554  0.004102  0.004669  0.000752  0.001381  0.000934  0.011391
     67     True      161    0.004852      0.5828    0.004632  0.004013  0.007600  0.000798  0.001226  0.000931  0.014766
     68     True      155    0.004686      0.6147    0.004120  0.003518  0.007122  0.000797  0.001458  0.000942  0.014841
     69     True      162    0.004499      0.6291    0.003554  0.003288  0.006146  0.000654  0.001339  0.000782  0.015729
     70     True      136    0.004311      0.6746    0.003893  0.004325  0.005482  0.000820  0.001058  0.000860  0.013737
     71     True      142    0.004471      0.6611    0.004243  0.003776  0.005774  0.000734  0.001343  0.000847  0.014578
     72     True      135    0.004341      0.6236    0.004814  0.003896  0.006590  0.000824  0.001281  0.000901  0.012080
     73     True      135    0.003753      0.6759    0.004252  0.003801  0.005214  0.000700  0.001177  0.000913  0.010213
     74     True      125    0.004357      0.6337    0.004579  0.004109  0.006677  0.000807  0.001219  0.000723  0.012386
     75     True      131    0.004079      0.6609    0.004051  0.004232  0.005206  0.000822  0.001302  0.000681  0.012260
     76     True      127    0.003754      0.6458    0.005005  0.004837  0.005641  0.000859  0.001377  0.001074  0.007485
     77     True      150    0.005093      0.6518    0.004076  0.004406  0.006749  0.000801  0.001202  0.000949  0.017466
     78     True      150    0.005260      0.6437    0.004271  0.003824  0.006892  0.000708  0.001241  0.000885  0.019000
     79     True      150    0.004512      0.6410    0.003624  0.003729  0.005130  0.000787  0.001108  0.000807  0.016401
     80     True      155    0.004229      0.6129    0.004062  0.004038  0.005413  0.000711  0.001160  0.001140  0.013078
     81     True      178    0.004903      0.5512    0.003826  0.003427  0.005823  0.000685  0.001332  0.000997  0.018232
     82     True      232    0.004968      0.4941    0.003136  0.002926  0.005989  0.000600  0.000971  0.000944  0.020209
     83     True      167    0.004735      0.5858    0.004059  0.004078  0.006388  0.000768  0.001135  0.001087  0.015629
     84     True      165    0.004644      0.5820    0.003763  0.003365  0.005742  0.000593  0.001239  0.001020  0.016784
     85     True      171    0.004743      0.5537    0.003481  0.003647  0.006176  0.000559  0.001155  0.001114  0.017068
     86     True      150    0.004782      0.5669    0.004547  0.003751  0.007147  0.000574  0.001221  0.001115  0.015118
     87     True      189    0.004275      0.5390    0.003228  0.003586  0.005830  0.000576  0.001055  0.001001  0.014650
     88     True      245    0.004886      0.4924    0.003232  0.002961  0.006091  0.000502  0.001070  0.000832  0.019512
     89     True      168    0.004578      0.5795    0.003445  0.003419  0.005569  0.000683  0.001118  0.001195  0.016619
     90     True      129    0.003857      0.6573    0.004728  0.003914  0.005145  0.000556  0.001034  0.001033  0.010587
     91     True      130    0.004626      0.6331    0.004879  0.003994  0.005431  0.000554  0.001079  0.000871  0.015571
     92     True      126    0.003870      0.6572    0.004065  0.004323  0.005048  0.000526  0.000992  0.001185  0.010948
     93     True      126    0.005041      0.6349    0.004613  0.003993  0.006138  0.000656  0.001107  0.001078  0.017704
     94     True      125    0.004034      0.6661    0.004881  0.003389  0.006325  0.000422  0.001141  0.001027  0.011056
     95     True      129    0.004642      0.6474    0.004518  0.003842  0.007558  0.000680  0.000998  0.000752  0.014142
     96     True      127    0.003530      0.6578    0.004612  0.004314  0.005675  0.000696  0.001205  0.000754  0.007455
     97     True      129    0.004107      0.6456    0.004085  0.003762  0.005555  0.000560  0.000995  0.000911  0.012880
     98     True      139    0.004466      0.6296    0.004131  0.003789  0.005775  0.000656  0.001216  0.000933  0.014760
     99     True      140    0.004437      0.6713    0.004548  0.004110  0.005772  0.000655  0.001038  0.000893  0.014045
────────────────────────────────────────────────────────────────────────────────────────────────────
  SUMMARY  n=100  success_rate=88.0% (88/100)
  Sm   mean=0.004596  std=0.000551  min=0.003235  max=0.005775
  SER  mean=0.5910   std=0.0698   min=0.3679   max=0.6759

════════════════════════════════════════════════════════════════════════════════════════════════════
DATASET: BrandonAL/eval_HFvla_smolvla_libero_spatial
════════════════════════════════════════════════════════════════════════════════════════════════════
  Episodes: 100

     ep   success   steps     Sm_mean    SER_mean       Sm_j0     Sm_j1     Sm_j2     Sm_j3     Sm_j4     Sm_j5Sm_gripper
────────────────────────────────────────────────────────────────────────────────────────────────────
      0     False     280    0.005687      0.4228    0.006728  0.003205  0.009168  0.000828  0.001536  0.001323  0.017019
      1     True       68    0.007513      0.5741    0.012502  0.006319  0.008959  0.001700  0.001827  0.002073  0.019214
      2     True       70    0.008297      0.5826    0.012107  0.006602  0.014832  0.001672  0.002479  0.002057  0.018328
      3     True       72    0.007840      0.5620    0.011901  0.005190  0.013143  0.001619  0.002736  0.002252  0.018039
      4     False     280    0.006272      0.3685    0.009114  0.004613  0.011475  0.001099  0.001755  0.001494  0.014351
      5     True       70    0.007919      0.5874    0.011663  0.006752  0.011780  0.001540  0.002281  0.001535  0.019884
      6     True       87    0.006513      0.6134    0.009910  0.006412  0.008507  0.001436  0.001970  0.001885  0.015470
      7     False     280    0.006678      0.3680    0.009304  0.004911  0.011924  0.001139  0.001932  0.001423  0.016112
      8     False     280    0.006209      0.3783    0.009676  0.003512  0.011027  0.001143  0.001872  0.001571  0.014659
      9     False     280    0.007782      0.2604    0.010134  0.003943  0.013742  0.001203  0.001719  0.001763  0.021972
     10     True      113    0.004652      0.6912    0.005415  0.004919  0.006554  0.001010  0.001796  0.000868  0.012005
     11     False     280    0.005359      0.4683    0.005342  0.004667  0.008144  0.000805  0.001482  0.001009  0.016062
     12     True       99    0.004775      0.6757    0.006455  0.006022  0.007198  0.001342  0.001792  0.001189  0.009428
     13     True       97    0.004427      0.7195    0.005605  0.005870  0.005892  0.001019  0.001708  0.001013  0.009881
     14     True      118    0.005800      0.6957    0.005160  0.005137  0.007305  0.001037  0.001456  0.001190  0.019311
     15     True      114    0.005376      0.6720    0.006429  0.005242  0.007254  0.000904  0.001665  0.001058  0.015082
     16     True      104    0.005072      0.6942    0.006168  0.005551  0.007348  0.001125  0.001767  0.001030  0.012515
     17     True       94    0.005095      0.6494    0.006535  0.006476  0.008069  0.001000  0.002205  0.001250  0.010133
     18     False     280    0.006714      0.3429    0.007354  0.005237  0.009951  0.000781  0.001548  0.000950  0.021176
     19     False     280    0.005785      0.4210    0.005181  0.004065  0.008033  0.000720  0.001318  0.000797  0.020384
     20     True      116    0.005309      0.6509    0.006009  0.004591  0.006711  0.000693  0.001632  0.000885  0.016642
     21     False     280    0.004127      0.6123    0.003175  0.002366  0.004783  0.000491  0.000965  0.000637  0.016475
     22     True       95    0.004627      0.6537    0.007042  0.005064  0.006645  0.000824  0.001851  0.001027  0.009937
     23     True       98    0.005212      0.6863    0.006266  0.004492  0.007689  0.000807  0.001994  0.001115  0.014122
     24     True       94    0.005397      0.6925    0.007337  0.004240  0.007595  0.000949  0.001576  0.001260  0.014823
     25     True       94    0.005332      0.6618    0.006063  0.004361  0.007866  0.000812  0.001950  0.000917  0.015351
     26     True       91    0.005414      0.6622    0.007034  0.003765  0.008116  0.001002  0.002219  0.000915  0.014845
     27     False     280    0.003895      0.5161    0.003512  0.003052  0.004838  0.000579  0.001052  0.000895  0.013338
     28     True       97    0.004754      0.6962    0.007203  0.005258  0.007304  0.000781  0.001735  0.001273  0.009723
     29     True      102    0.004352      0.6765    0.005831  0.004670  0.007450  0.000906  0.001462  0.001029  0.009115
     30     True       86    0.006206      0.5924    0.007373  0.004718  0.009468  0.001410  0.001579  0.001039  0.017855
     31     False     280    0.003598      0.5230    0.004093  0.003200  0.006400  0.000780  0.001600  0.000993  0.008121
     32     True       85    0.006319      0.5928    0.006459  0.005664  0.009955  0.001263  0.001941  0.000882  0.018066
     33     True       82    0.006698      0.5855    0.008277  0.005899  0.009072  0.001205  0.001919  0.001147  0.019369
     34     True       90    0.005574      0.6895    0.007307  0.004621  0.008470  0.001268  0.001496  0.000850  0.015006
     35     True       83    0.006338      0.6287    0.006286  0.004337  0.007995  0.001354  0.001308  0.000885  0.022202
     36     True       81    0.006637      0.5948    0.007870  0.005557  0.010135  0.001249  0.001603  0.000943  0.019101
     37     True       89    0.005410      0.6297    0.006543  0.004811  0.007413  0.001247  0.001644  0.001004  0.015209
     38     False     280    0.004482      0.4842    0.004775  0.003263  0.007854  0.000777  0.001725  0.000912  0.012068
     39     True       77    0.005721      0.6300    0.005583  0.004752  0.008181  0.001110  0.001644  0.000982  0.017796
     40     True      133    0.005362      0.7578    0.006720  0.004532  0.006762  0.000822  0.001506  0.001796  0.015394
     41     True      136    0.004811      0.7406    0.005387  0.004212  0.006289  0.000756  0.001793  0.001670  0.013570
     42     True      146    0.004500      0.7461    0.005387  0.004444  0.006575  0.000672  0.001613  0.001696  0.011114
     43     True      123    0.004853      0.7617    0.005708  0.004500  0.006304  0.001075  0.001678  0.001741  0.012963
     44     True      126    0.005078      0.7617    0.006389  0.005307  0.005540  0.000722  0.002087  0.001506  0.013993
     45     True      126    0.003896      0.7404    0.005756  0.004200  0.005926  0.000825  0.001431  0.001574  0.007562
     46     True      122    0.004614      0.7667    0.005826  0.004475  0.006764  0.000854  0.001506  0.001647  0.011223
     47     True      253    0.003684      0.7345    0.005165  0.003055  0.005063  0.000569  0.001408  0.001278  0.009248
     48     True      135    0.004813      0.7658    0.006975  0.004413  0.005856  0.000713  0.001695  0.001713  0.012324
     49     True      150    0.004192      0.7766    0.005722  0.003630  0.005384  0.000731  0.001230  0.001753  0.010890
     50     True      100    0.005072      0.6553    0.007891  0.006022  0.007269  0.001369  0.001707  0.001815  0.009430
     51     True       94    0.005725      0.6536    0.007605  0.004688  0.007976  0.001200  0.001845  0.001987  0.014774
     52     True      199    0.006364      0.4718    0.009441  0.003524  0.009245  0.001003  0.001791  0.001309  0.018235
     53     True      100    0.004957      0.6490    0.007883  0.005080  0.007138  0.000998  0.002301  0.001980  0.009320
     54     True       85    0.005802      0.5671    0.010452  0.005718  0.008223  0.000986  0.002444  0.001759  0.011033
     55     True       91    0.005381      0.6643    0.007549  0.005895  0.009041  0.001148  0.002307  0.001474  0.010251
     56     True       89    0.006269      0.5717    0.007706  0.007163  0.008911  0.001012  0.002352  0.001855  0.014885
     57     False     280    0.005925      0.3575    0.007398  0.003599  0.009282  0.000889  0.001373  0.001448  0.017484
     58     False     280    0.006507      0.2887    0.008912  0.003131  0.010389  0.000825  0.001600  0.001217  0.019474
     59     True       94    0.005624      0.6696    0.007958  0.004740  0.007763  0.001008  0.002085  0.001477  0.014335
     60     True      112    0.004716      0.7092    0.005985  0.004574  0.006330  0.000962  0.001705  0.001099  0.012359
     61     True      100    0.004066      0.7278    0.006125  0.004171  0.005310  0.001014  0.001513  0.000937  0.009391
     62     True      114    0.005187      0.7011    0.005534  0.004843  0.006976  0.000945  0.001648  0.000947  0.015416
     63     True      115    0.005094      0.7155    0.005622  0.004422  0.006593  0.000983  0.001341  0.001046  0.015650
     64     True      106    0.004928      0.6871    0.005866  0.004821  0.006947  0.000824  0.001797  0.001165  0.013080
     65     True      106    0.004954      0.6875    0.006001  0.004819  0.006996  0.000855  0.001882  0.001150  0.012973
     66     True      117    0.004645      0.6739    0.005131  0.004089  0.006225  0.001036  0.001631  0.001045  0.013359
     67     True      114    0.004772      0.6919    0.005467  0.004622  0.005505  0.001102  0.001565  0.001147  0.013994
     68     True      107    0.004049      0.7251    0.006145  0.004331  0.005708  0.000915  0.001671  0.000836  0.008740
     69     False     280    0.003345      0.5449    0.004306  0.003699  0.005319  0.000758  0.001633  0.000928  0.006771
     70     True      135    0.004448      0.6531    0.005175  0.004358  0.005646  0.000651  0.001935  0.001139  0.012233
     71     True      144    0.004322      0.6414    0.005294  0.004098  0.006009  0.000695  0.001769  0.001019  0.011369
     72     True      134    0.003880      0.6851    0.005221  0.003835  0.004702  0.000667  0.001729  0.001019  0.009988
     73     True      125    0.003944      0.6577    0.005619  0.004679  0.006060  0.000879  0.001876  0.001041  0.007452
     74     True      114    0.004677      0.6768    0.005298  0.004223  0.005611  0.000779  0.001838  0.001053  0.013939
     75     True      117    0.004897      0.6677    0.005393  0.004995  0.006169  0.000846  0.001733  0.001099  0.014043
     76     True      119    0.004258      0.6532    0.006713  0.004282  0.006721  0.000840  0.002268  0.001205  0.007775
     77     False     280    0.003111      0.6247    0.003711  0.003286  0.004010  0.000621  0.001600  0.000882  0.007665
     78     False     280    0.002856      0.6154    0.003609  0.003228  0.003802  0.000584  0.001532  0.000887  0.006354
     79     True      115    0.004867      0.5918    0.006729  0.005135  0.006201  0.001025  0.002233  0.000991  0.011755
     80     False     280    0.007447      0.3386    0.007783  0.006606  0.012838  0.000864  0.001553  0.001047  0.021435
     81     True       92    0.005286      0.7122    0.007549  0.007165  0.007872  0.001149  0.002271  0.001574  0.009421
     82     True       94    0.004896      0.7163    0.007197  0.004415  0.007927  0.001080  0.002146  0.001512  0.009993
     83     True       90    0.004982      0.7147    0.006611  0.005088  0.007451  0.001264  0.002235  0.001738  0.010483
     84     True       92    0.006439      0.6771    0.007255  0.005868  0.007090  0.001144  0.002129  0.001520  0.020065
     85     True       89    0.005999      0.6283    0.008285  0.005516  0.007447  0.001397  0.001854  0.001271  0.016225
     86     False     280    0.006298      0.4016    0.006785  0.005310  0.010362  0.000959  0.001718  0.001174  0.017780
     87     True       99    0.006564      0.6999    0.006914  0.005457  0.008040  0.001190  0.002088  0.001660  0.020599
     88     True       84    0.006152      0.6460    0.007812  0.006740  0.008704  0.001182  0.002026  0.001469  0.015128
     89     True       88    0.005775      0.6354    0.008689  0.007048  0.009067  0.001177  0.002424  0.001579  0.010441
     90     True      126    0.005831      0.6400    0.007275  0.004728  0.008034  0.000938  0.001813  0.001051  0.016978
     91     True      125    0.004996      0.6452    0.006398  0.005066  0.007361  0.001043  0.001579  0.000924  0.012603
     92     True      157    0.004938      0.6043    0.006830  0.005086  0.007032  0.001117  0.001685  0.001153  0.011664
     93     True      129    0.005006      0.6406    0.007064  0.004576  0.007417  0.000903  0.001678  0.001099  0.012303
     94     True      123    0.004677      0.6335    0.006404  0.005161  0.006697  0.001012  0.001877  0.000986  0.010600
     95     True      119    0.004395      0.6116    0.006411  0.004976  0.007146  0.001280  0.001791  0.001308  0.007853
     96     True      121    0.005247      0.6436    0.006170  0.006050  0.006412  0.001184  0.001606  0.001149  0.014155
     97     True      127    0.005017      0.6135    0.005795  0.004674  0.007111  0.001086  0.002083  0.001300  0.013070
     98     True      133    0.005508      0.6122    0.007242  0.004948  0.007044  0.001051  0.001839  0.001054  0.015376
     99     True      124    0.004943      0.6524    0.006295  0.004258  0.007167  0.001057  0.001744  0.001034  0.013047
────────────────────────────────────────────────────────────────────────────────────────────────────
  SUMMARY  n=100  success_rate=81.0% (81/100)
  Sm   mean=0.005300  std=0.001045  min=0.002856  max=0.008297
  SER  mean=0.6210   std=0.1120   min=0.2604   max=0.7766

════════════════════════════════════════════════════════════════════════════════════════════════════
DATASET: BrandonAL/eval_HFvla_smolvla_libero_goal
════════════════════════════════════════════════════════════════════════════════════════════════════
  Episodes: 100

     ep   success   steps     Sm_mean    SER_mean       Sm_j0     Sm_j1     Sm_j2     Sm_j3     Sm_j4     Sm_j5Sm_gripper
────────────────────────────────────────────────────────────────────────────────────────────────────
      0     True      111    0.003877      0.6519    0.006192  0.007200  0.007705  0.001158  0.002309  0.002004  0.000571
      1     True      182    0.002859      0.6277    0.004214  0.004671  0.006256  0.000891  0.001858  0.001664  0.000461
      2     True      145    0.003485      0.6386    0.005433  0.006339  0.007084  0.001140  0.002112  0.001872  0.000416
      3     True      140    0.003526      0.6427    0.005213  0.006104  0.007562  0.001056  0.002062  0.002286  0.000402
      4     True      141    0.003383      0.6542    0.005633  0.005942  0.006783  0.001035  0.002031  0.001920  0.000336
      5     True      132    0.003671      0.6670    0.004606  0.008408  0.007064  0.001090  0.002006  0.002077  0.000446
      6     False     300    0.002525      0.5404    0.003874  0.004442  0.005214  0.000825  0.001540  0.001499  0.000279
      7     True      133    0.003390      0.6517    0.004730  0.006586  0.006353  0.001199  0.002350  0.002079  0.000435
      8     True      135    0.003358      0.6491    0.006123  0.005065  0.006372  0.000962  0.002358  0.002183  0.000445
      9     False     300    0.003122      0.4797    0.004013  0.006532  0.006359  0.000928  0.001361  0.001689  0.000975
     10     True       87    0.004598      0.5679    0.006255  0.004784  0.007097  0.000927  0.001275  0.001140  0.010704
     11     True       81    0.005170      0.5817    0.005918  0.004980  0.007363  0.001171  0.001675  0.000761  0.014317
     12     True       88    0.005953      0.5862    0.006520  0.005390  0.007584  0.001054  0.001506  0.001054  0.018561
     13     True       94    0.005621      0.6351    0.006291  0.004906  0.008126  0.000983  0.001587  0.000940  0.016512
     14     True       84    0.005767      0.5611    0.007831  0.006127  0.007082  0.000743  0.001490  0.001345  0.015752
     15     True      101    0.005783      0.6316    0.005927  0.003816  0.007443  0.000826  0.001417  0.001090  0.019964
     16     True       88    0.005549      0.5401    0.007149  0.005170  0.007157  0.000813  0.001690  0.001128  0.015733
     17     True       81    0.005621      0.5490    0.006048  0.004525  0.007719  0.001257  0.001659  0.001270  0.016867
     18     True       86    0.005163      0.6035    0.006892  0.004528  0.007071  0.000870  0.001457  0.000902  0.014423
     19     True       84    0.004900      0.5833    0.007287  0.005139  0.007143  0.000836  0.001550  0.001365  0.010976
     20     True       99    0.005709      0.6622    0.005965  0.004737  0.008430  0.001224  0.002245  0.000973  0.016388
     21     True      103    0.004535      0.6801    0.005495  0.005000  0.007339  0.001214  0.002628  0.001226  0.008840
     22     True      106    0.004771      0.6740    0.007108  0.004684  0.008318  0.001095  0.002091  0.001235  0.008866
     23     True      103    0.005490      0.6695    0.007413  0.004916  0.008349  0.001034  0.002320  0.000917  0.013484
     24     True       85    0.005773      0.6408    0.006646  0.005007  0.007775  0.001088  0.002314  0.001211  0.016369
     25     True      104    0.005102      0.6694    0.006429  0.004490  0.006493  0.001059  0.002490  0.001069  0.013684
     26     True      105    0.005346      0.6786    0.005727  0.004768  0.006653  0.001093  0.001979  0.001127  0.016079
     27     True      106    0.005130      0.6867    0.006139  0.005004  0.008087  0.001233  0.001976  0.000890  0.012582
     28     False     300    0.003035      0.5639    0.003282  0.002690  0.005131  0.000595  0.001522  0.000796  0.007228
     29     True       95    0.004474      0.6730    0.005887  0.004827  0.005832  0.001284  0.002416  0.001161  0.009910
     30     True      170    0.004141      0.6614    0.006020  0.004145  0.006004  0.000637  0.001755  0.001266  0.009157
     31     True      166    0.004430      0.6437    0.005563  0.004506  0.006142  0.000704  0.001614  0.001268  0.011212
     32     False     300    0.003740      0.5450    0.005188  0.004254  0.006503  0.000710  0.001385  0.000787  0.007354
     33     False     300    0.003709      0.5583    0.004645  0.004222  0.005803  0.000614  0.001082  0.000892  0.008707
     34     True      170    0.004152      0.6729    0.006139  0.003882  0.005755  0.000567  0.001467  0.000953  0.010302
     35     True      185    0.004058      0.6759    0.005813  0.004974  0.005685  0.000569  0.001443  0.001077  0.008846
     36     True      178    0.003605      0.6562    0.006112  0.004476  0.006344  0.000708  0.001602  0.000888  0.005108
     37     False     300    0.003490      0.5963    0.004638  0.004386  0.005666  0.000561  0.001113  0.000780  0.007289
     38     False     300    0.004085      0.5947    0.004678  0.004149  0.005348  0.000570  0.001202  0.000821  0.011829
     39     False     300    0.003956      0.5349    0.004461  0.003999  0.006626  0.000606  0.001324  0.000740  0.009933
     40     True       81    0.005321      0.5927    0.006784  0.005554  0.008623  0.001036  0.002233  0.001506  0.011513
     41     True       96    0.004515      0.6327    0.005881  0.004428  0.007691  0.001000  0.001460  0.001225  0.009919
     42     True       94    0.005209      0.5768    0.005805  0.004894  0.006792  0.001142  0.002170  0.001149  0.014508
     43     True       93    0.005340      0.5965    0.006585  0.005121  0.006680  0.001224  0.002111  0.001017  0.014641
     44     True       91    0.005133      0.6623    0.006688  0.004941  0.007507  0.000750  0.002317  0.001230  0.012499
     45     True       86    0.005163      0.5505    0.006939  0.005591  0.008560  0.001051  0.001967  0.001250  0.010781
     46     True       99    0.006343      0.6250    0.006046  0.004850  0.010454  0.000872  0.001515  0.000977  0.019683
     47     True       91    0.004604      0.6469    0.006429  0.003600  0.008136  0.000958  0.001616  0.001269  0.010216
     48     True       87    0.005578      0.5553    0.006869  0.005203  0.007667  0.000978  0.001625  0.001190  0.015513
     49     True       83    0.005158      0.5773    0.007289  0.005742  0.007505  0.000914  0.002207  0.001094  0.011355
     50     True      123    0.003327      0.5104    0.007923  0.006596  0.004971  0.000738  0.001355  0.000714  0.000990
     51     False     300    0.002550      0.4995    0.005244  0.005793  0.004100  0.000616  0.000764  0.000980  0.000356
     52     True      133    0.002910      0.5075    0.006813  0.005121  0.004881  0.000970  0.001105  0.001053  0.000425
     53     False     300    0.002926      0.4470    0.007099  0.005172  0.005140  0.000600  0.001249  0.000935  0.000286
     54     False     300    0.003210      0.4185    0.007819  0.005334  0.005594  0.000705  0.001502  0.001238  0.000276
     55     True      135    0.002653      0.5746    0.006319  0.004713  0.004440  0.000743  0.001014  0.000900  0.000439
     56     True      141    0.002980      0.5221    0.007346  0.004793  0.005144  0.000854  0.001299  0.000859  0.000565
     57     False     300    0.002761      0.2954    0.005464  0.006735  0.004330  0.000537  0.000979  0.000989  0.000290
     58     True      135    0.003391      0.4957    0.008264  0.006207  0.006001  0.000836  0.001117  0.000874  0.000436
     59     True      148    0.003103      0.5524    0.006993  0.005494  0.005826  0.000782  0.001193  0.000945  0.000487
     60     True      106    0.006957      0.6206    0.005914  0.005371  0.010268  0.001027  0.001613  0.000888  0.023615
     61     True      110    0.006823      0.5682    0.005653  0.004191  0.010103  0.000909  0.001573  0.000985  0.024345
     62     True       84    0.004986      0.5789    0.006299  0.005470  0.008624  0.000848  0.001625  0.000872  0.011167
     63     True       91    0.006631      0.6489    0.006233  0.005335  0.008865  0.000941  0.001673  0.001030  0.022343
     64     True      110    0.006645      0.5970    0.004874  0.004040  0.008852  0.001005  0.001643  0.001038  0.025062
     65     True      107    0.006534      0.6274    0.005536  0.004455  0.009048  0.001056  0.001702  0.000989  0.022952
     66     True      110    0.007134      0.6041    0.005772  0.004404  0.009569  0.000888  0.001623  0.000862  0.026822
     67     True      111    0.006558      0.6324    0.005905  0.004305  0.008374  0.000925  0.001697  0.000844  0.023852
     68     True       87    0.005591      0.6151    0.007014  0.004714  0.008722  0.000845  0.001551  0.000925  0.015363
     69     True       90    0.006860      0.6273    0.005822  0.005040  0.010260  0.001106  0.001731  0.001167  0.022897
     70     True       73    0.006963      0.6528    0.006987  0.005978  0.007130  0.000940  0.002092  0.003818  0.021797
     71     True       69    0.006459      0.6788    0.006561  0.005757  0.006865  0.001210  0.001796  0.003662  0.019362
     72     True       70    0.005756      0.6243    0.006920  0.005414  0.008536  0.001102  0.001731  0.003246  0.013340
     73     True       68    0.005624      0.6184    0.006161  0.006248  0.007133  0.001108  0.001866  0.003186  0.013668
     74     True       69    0.006050      0.6656    0.006641  0.005592  0.006273  0.000856  0.001648  0.002497  0.018842
     75     True       69    0.006394      0.6209    0.006816  0.005758  0.006755  0.001296  0.001795  0.002838  0.019500
     76     True       69    0.005587      0.6396    0.007224  0.005293  0.007739  0.001052  0.001954  0.002507  0.013340
     77     True       67    0.005226      0.7170    0.004972  0.005791  0.005671  0.001189  0.001640  0.003504  0.013815
     78     True       67    0.005501      0.5934    0.006830  0.005352  0.006855  0.000886  0.001661  0.003142  0.013779
     79     True       73    0.005714      0.6210    0.007223  0.006187  0.007910  0.001310  0.002027  0.002538  0.012802
     80     True       86    0.006715      0.5392    0.007367  0.003867  0.010548  0.001005  0.001875  0.001069  0.021272
     81     True       81    0.006657      0.5438    0.008692  0.004481  0.009362  0.001226  0.002312  0.001041  0.019486
     82     True       88    0.005606      0.4606    0.007932  0.004817  0.007210  0.001210  0.001892  0.001258  0.014921
     83     True       87    0.006914      0.4917    0.007518  0.004070  0.009737  0.001201  0.001581  0.001121  0.023168
     84     True       83    0.005905      0.5199    0.008369  0.003928  0.008253  0.000953  0.002073  0.001167  0.016588
     85     True       86    0.005966      0.5212    0.008558  0.005297  0.008434  0.001105  0.001632  0.001053  0.015683
     86     True       93    0.006833      0.6050    0.008761  0.003979  0.010195  0.001206  0.001713  0.001330  0.020648
     87     True       74    0.006301      0.5868    0.009031  0.004394  0.008895  0.001205  0.001883  0.001140  0.017560
     88     False     300    0.004795      0.4598    0.005439  0.002505  0.006263  0.000744  0.001251  0.000573  0.016791
     89     True       79    0.005705      0.4976    0.009212  0.005293  0.009153  0.001309  0.001818  0.001232  0.011917
     90     False     300    0.004203      0.6143    0.003330  0.003393  0.004532  0.001257  0.001689  0.001575  0.013644
     91     True      173    0.005181      0.7086    0.004276  0.003683  0.005028  0.001448  0.001814  0.001379  0.018637
     92     False     300    0.003698      0.6447    0.002804  0.002607  0.004396  0.000943  0.001442  0.001431  0.012263
     93     True      157    0.004071      0.7687    0.004206  0.003180  0.005927  0.001349  0.001835  0.001519  0.010480
     94     False     300    0.003274      0.6782    0.002876  0.002718  0.004008  0.000879  0.001429  0.001239  0.009767
     95     False     300    0.004182      0.5948    0.004253  0.003978  0.004431  0.001292  0.001783  0.001883  0.011654
     96     False     300    0.004659      0.5675    0.003238  0.003670  0.004345  0.001148  0.001501  0.001484  0.017230
     97     True      150    0.004743      0.7460    0.004429  0.003879  0.005039  0.001512  0.001998  0.001758  0.014586
     98     True      140    0.004877      0.7220    0.005015  0.003875  0.006871  0.001716  0.001982  0.001776  0.012904
     99     True      157    0.004706      0.7370    0.004352  0.003603  0.005307  0.001272  0.001962  0.001764  0.014684
────────────────────────────────────────────────────────────────────────────────────────────────────
  SUMMARY  n=100  success_rate=82.0% (82/100)
  Sm   mean=0.004872  std=0.001244  min=0.002525  max=0.007134
  SER  mean=0.6018   std=0.0746   min=0.2954   max=0.7687

════════════════════════════════════════════════════════════════════════════════════════════════════
DATASET: BrandonAL/eval_HFvla_smolvla_libero_long
════════════════════════════════════════════════════════════════════════════════════════════════════
  Episodes: 100

     ep   success   steps     Sm_mean    SER_mean       Sm_j0     Sm_j1     Sm_j2     Sm_j3     Sm_j4     Sm_j5Sm_gripper
────────────────────────────────────────────────────────────────────────────────────────────────────
      0     False     520    0.003931      0.3367    0.002981  0.002352  0.005040  0.000428  0.000872  0.000585  0.015260
      1     False     520    0.003612      0.3374    0.002977  0.001897  0.004091  0.000302  0.000692  0.000467  0.014856
      2     False     520    0.003389      0.4954    0.002580  0.002723  0.003350  0.000422  0.000892  0.000542  0.013213
      3     False     520    0.003081      0.5357    0.002370  0.002216  0.003470  0.000393  0.000694  0.000407  0.012016
      4     False     520    0.003500      0.4258    0.002587  0.002848  0.004249  0.000392  0.000711  0.000470  0.013242
      5     False     520    0.002721      0.5413    0.002257  0.002208  0.003446  0.000323  0.000712  0.000478  0.009622
      6     False     520    0.002837      0.5409    0.002218  0.002181  0.003450  0.000347  0.000711  0.000445  0.010511
      7     False     520    0.003085      0.5361    0.002241  0.002374  0.003789  0.000382  0.000734  0.000490  0.011584
      8     True      324    0.003254      0.6040    0.002587  0.002510  0.003921  0.000443  0.000840  0.000515  0.011959
      9     False     520    0.002691      0.4692    0.002581  0.002446  0.003419  0.000411  0.000698  0.000496  0.008785
     10     False     520    0.003884      0.4712    0.003302  0.002672  0.005933  0.000505  0.000807  0.000661  0.013307
     11     False     520    0.004203      0.4165    0.003456  0.002507  0.006907  0.000500  0.000818  0.000762  0.014472
     12     True      266    0.003740      0.5789    0.003710  0.003374  0.004924  0.000585  0.001115  0.000959  0.011513
     13     True      284    0.003340      0.6496    0.003505  0.002928  0.003923  0.000595  0.001169  0.000686  0.010574
     14     True      274    0.003532      0.6420    0.003941  0.002829  0.004695  0.000604  0.000959  0.000746  0.010950
     15     False     520    0.003362      0.5660    0.002960  0.002740  0.003858  0.000445  0.000820  0.000690  0.012025
     16     False     520    0.003527      0.4843    0.003376  0.003022  0.005379  0.000495  0.000844  0.000780  0.010791
     17     True      288    0.003957      0.5932    0.003515  0.003156  0.004537  0.000563  0.000971  0.000809  0.014149
     18     False     520    0.002649      0.6044    0.002626  0.002344  0.003490  0.000439  0.000785  0.000639  0.008219
     19     False     520    0.002959      0.5010    0.002730  0.002854  0.003491  0.000504  0.000765  0.000563  0.009805
     20     False     520    0.003451      0.5704    0.002189  0.002237  0.003917  0.000651  0.000882  0.000963  0.013322
     21     True      260    0.003419      0.7045    0.002915  0.002543  0.003713  0.000560  0.001061  0.001429  0.011715
     22     True      228    0.003809      0.7144    0.003014  0.002911  0.004893  0.000521  0.001119  0.001741  0.012464
     23     False     520    0.003262      0.5748    0.002321  0.002180  0.003933  0.000542  0.000837  0.000869  0.012153
     24     True      245    0.003812      0.7139    0.003436  0.002953  0.004628  0.000619  0.001226  0.001442  0.012382
     25     False     520    0.003349      0.5430    0.002505  0.002335  0.004156  0.000580  0.000941  0.000793  0.012131
     26     False     520    0.003039      0.5333    0.002665  0.002476  0.004194  0.000505  0.000978  0.001005  0.009451
     27     False     520    0.003119      0.6043    0.002520  0.002293  0.003885  0.000579  0.000944  0.000788  0.010823
     28     False     520    0.003292      0.5503    0.002577  0.002679  0.004221  0.000563  0.000965  0.000873  0.011164
     29     True      239    0.003943      0.7181    0.003747  0.003241  0.004766  0.000677  0.001254  0.001218  0.012695
     30     True      243    0.003424      0.7558    0.003353  0.003602  0.004140  0.000772  0.001230  0.000934  0.009939
     31     True      232    0.003061      0.7745    0.003075  0.003603  0.003931  0.000861  0.001053  0.000959  0.007942
     32     True      225    0.003225      0.7653    0.003463  0.003267  0.004090  0.000790  0.001308  0.000985  0.008671
     33     True      229    0.003386      0.7737    0.003358  0.003181  0.004151  0.000775  0.001127  0.001046  0.010065
     34     True      243    0.003798      0.7624    0.003181  0.003468  0.004622  0.000706  0.001154  0.000901  0.012551
     35     True      237    0.003448      0.7384    0.003432  0.003575  0.004030  0.000684  0.001319  0.001055  0.010042
     36     True      372    0.002536      0.7431    0.002475  0.002824  0.003271  0.000700  0.000926  0.000793  0.006763
     37     True      231    0.003206      0.7654    0.003327  0.003568  0.003900  0.000807  0.001319  0.000940  0.008582
     38     True      227    0.003007      0.7815    0.003148  0.003440  0.003680  0.000731  0.001118  0.001045  0.007890
     39     True      217    0.002859      0.7946    0.003402  0.003733  0.003676  0.000794  0.001142  0.000966  0.006297
     40     False     520    0.002984      0.4407    0.002501  0.002328  0.003522  0.000417  0.000577  0.000494  0.011049
     41     False     520    0.002784      0.5164    0.002339  0.002475  0.003237  0.000410  0.000609  0.000589  0.009827
     42     False     520    0.003320      0.4752    0.002923  0.002259  0.003037  0.000348  0.000661  0.000522  0.013491
     43     False     520    0.002676      0.5119    0.002388  0.002043  0.002885  0.000342  0.000520  0.000496  0.010060
     44     False     520    0.002759      0.4527    0.003141  0.002369  0.003227  0.000627  0.000811  0.000504  0.008637
     45     False     520    0.002998      0.4199    0.003038  0.002712  0.003350  0.000586  0.000778  0.000457  0.010067
     46     False     520    0.002467      0.5414    0.002491  0.002222  0.002848  0.000360  0.000524  0.000482  0.008345
     47     False     520    0.003105      0.4464    0.002833  0.002295  0.003963  0.000448  0.000627  0.000483  0.011087
     48     False     520    0.002828      0.4990    0.002610  0.002457  0.003319  0.000429  0.000589  0.000574  0.009816
     49     False     520    0.003278      0.3826    0.002373  0.001897  0.003470  0.000445  0.000635  0.000420  0.013702
     50     False     520    0.001746      0.5865    0.002725  0.002024  0.003097  0.000435  0.000561  0.000730  0.002649
     51     True      175    0.002763      0.6508    0.004256  0.003730  0.003653  0.000478  0.000739  0.001030  0.005455
     52     True      210    0.002702      0.6206    0.004119  0.003409  0.004774  0.000603  0.000719  0.000779  0.004513
     53     True      170    0.002719      0.6385    0.003855  0.003038  0.004301  0.000518  0.000781  0.001030  0.005512
     54     True      219    0.002929      0.6296    0.004067  0.003432  0.004454  0.000619  0.000635  0.001018  0.006281
     55     True      175    0.003175      0.6570    0.004000  0.002788  0.003800  0.000496  0.000803  0.000953  0.009383
     56     True      167    0.003366      0.6421    0.003727  0.003649  0.004492  0.000481  0.000693  0.000952  0.009566
     57     True      232    0.002871      0.6496    0.003801  0.003224  0.004060  0.000513  0.000645  0.000958  0.006896
     58     True      262    0.002754      0.5902    0.004035  0.003391  0.004440  0.000546  0.000656  0.000968  0.005241
     59     True      248    0.002411      0.6086    0.003666  0.003132  0.004071  0.000569  0.000709  0.000875  0.003852
     60     True      222    0.003878      0.6376    0.003862  0.002525  0.004145  0.000438  0.000964  0.000723  0.014488
     61     False     520    0.003380      0.4862    0.003201  0.001807  0.003172  0.000332  0.000519  0.000574  0.014057
     62     False     520    0.002884      0.5000    0.003331  0.001756  0.002889  0.000333  0.000604  0.000756  0.010521
     63     False     520    0.002968      0.5505    0.002683  0.001921  0.002746  0.000433  0.000605  0.000490  0.011896
     64     False     520    0.002634      0.5474    0.003006  0.001849  0.002979  0.000377  0.000688  0.000755  0.008779
     65     True      299    0.003316      0.6391    0.003016  0.002036  0.003263  0.000406  0.000758  0.000565  0.013168
     66     True      240    0.002928      0.6609    0.003808  0.002335  0.003593  0.000504  0.000821  0.000718  0.008717
     67     False     520    0.002785      0.5425    0.002902  0.001907  0.003027  0.000379  0.000678  0.000890  0.009711
     68     True      306    0.003286      0.6520    0.003238  0.001928  0.003057  0.000460  0.000654  0.000601  0.013061
     69     True      276    0.003492      0.6734    0.003527  0.002342  0.003402  0.000438  0.000761  0.000626  0.013346
     70     True      275    0.004036      0.5977    0.004030  0.003402  0.004770  0.000503  0.000999  0.000914  0.013633
     71     False     520    0.002537      0.6115    0.002507  0.002116  0.002873  0.000416  0.000779  0.000714  0.008352
     72     False     520    0.002966      0.4584    0.003145  0.002910  0.003764  0.000572  0.000983  0.000721  0.008669
     73     True      343    0.003801      0.5808    0.003485  0.002982  0.004662  0.000571  0.000905  0.000796  0.013205
     74     True      314    0.003668      0.6036    0.003453  0.002744  0.004195  0.000569  0.001005  0.000835  0.012874
     75     False     520    0.002081      0.2546    0.002797  0.001578  0.002556  0.000326  0.000638  0.000623  0.006047
     76     False     520    0.002880      0.5543    0.002925  0.002509  0.003157  0.000460  0.000791  0.000617  0.009698
     77     False     520    0.003096      0.4845    0.002919  0.002760  0.003630  0.000555  0.000927  0.000683  0.010198
     78     False     520    0.002854      0.5389    0.003042  0.002686  0.003191  0.000519  0.000928  0.000778  0.008835
     79     True      289    0.003730      0.6344    0.003361  0.002936  0.003606  0.000491  0.000975  0.000978  0.013765
     80     False     520    0.002060      0.6797    0.002362  0.002330  0.002429  0.000432  0.000558  0.000748  0.005564
     81     False     520    0.002196      0.6874    0.001942  0.002190  0.002260  0.000362  0.000527  0.000706  0.007388
     82     True      467    0.002756      0.6853    0.002075  0.002473  0.002652  0.000399  0.000619  0.000718  0.010356
     83     True      410    0.002437      0.7314    0.002144  0.001979  0.002596  0.000359  0.000621  0.000708  0.008655
     84     False     520    0.002206      0.6838    0.002463  0.002671  0.002488  0.000433  0.000600  0.000666  0.006123
     85     False     520    0.002480      0.5829    0.001983  0.002046  0.002397  0.000409  0.000587  0.000594  0.009342
     86     False     520    0.002211      0.7019    0.002016  0.002062  0.002278  0.000369  0.000541  0.000687  0.007524
     87     False     520    0.002105      0.6654    0.002297  0.002625  0.002522  0.000438  0.000575  0.000742  0.005539
     88     False     520    0.002077      0.6897    0.002097  0.002430  0.002253  0.000420  0.000577  0.000629  0.006134
     89     False     520    0.002310      0.7087    0.002067  0.002149  0.002413  0.000406  0.000548  0.000587  0.007999
     90     False     520    0.002292      0.6100    0.002273  0.002428  0.002703  0.000615  0.000714  0.000695  0.006617
     91     True      316    0.003567      0.7368    0.003585  0.003622  0.004430  0.000770  0.001185  0.001168  0.010207
     92     True      280    0.003552      0.7627    0.004215  0.003876  0.004118  0.000838  0.001107  0.001332  0.009377
     93     True      378    0.003145      0.7313    0.004427  0.003606  0.003477  0.000672  0.000994  0.001014  0.007825
     94     False     520    0.002931      0.4473    0.002692  0.002690  0.002467  0.000421  0.000680  0.000613  0.010953
     95     True      294    0.003241      0.7301    0.004387  0.003968  0.003963  0.000820  0.001369  0.001516  0.006665
     96     True      270    0.003645      0.7699    0.004639  0.003487  0.003951  0.000835  0.001183  0.001201  0.010217
     97     False     520    0.003221      0.5192    0.002914  0.002499  0.002883  0.000450  0.000753  0.000549  0.012497
     98     False     520    0.003390      0.5548    0.003116  0.003504  0.003455  0.000520  0.000785  0.000688  0.011658
     99     True      357    0.003507      0.7042    0.003832  0.003799  0.003943  0.000885  0.001021  0.001115  0.009951
────────────────────────────────────────────────────────────────────────────────────────────────────
  SUMMARY  n=100  success_rate=45.0% (45/100)
  Sm   mean=0.003089  std=0.000512  min=0.001746  max=0.004203
  SER  mean=0.5976   std=0.1129   min=0.2546   max=0.7946

════════════════════════════════════════════════════════════════════════════════════════════════════
DATASET: BrandonAL/libero_eval_06022026v2
════════════════════════════════════════════════════════════════════════════════════════════════════
  Episodes: 0

     ep   success   steps     Sm_mean    SER_mean       Sm_j0     Sm_j1     Sm_j2     Sm_j3     Sm_j4     Sm_j5Sm_gripper
────────────────────────────────────────────────────────────────────────────────────────────────────
────────────────────────────────────────────────────────────────────────────────────────────────────
  SUMMARY  n=0  success_rate=0.0% (0/0)

════════════════════════════════════════════════════════════════════════════════════════════════════
CROSS-DATASET SUMMARY
════════════════════════════════════════════════════════════════════════════════════════════════════
  dataset                                            n   success     Sm_mean    Sm_std    SER_mean   SER_std
────────────────────────────────────────────────────────────────────────────────────────────────────
  eval_my_smolvla_libero_object                     50    48.0%    0.001822  0.000551      0.7833    0.0443
  eval_HFvla_smolvla_libero_object                 100    88.0%    0.004596  0.000551      0.5910    0.0698
  eval_HFvla_smolvla_libero_spatial                100    81.0%    0.005300  0.001045      0.6210    0.1120
  eval_HFvla_smolvla_libero_goal                   100    82.0%    0.004872  0.001244      0.6018    0.0746
  eval_HFvla_smolvla_libero_long                   100    45.0%    0.003089  0.000512      0.5976    0.1129
  libero_eval_06022026v2                             0      n/a         n/a       n/a         n/a       n/a  (no splits found)
════════════════════════════════════════════════════════════════════════════════════════════════════
